Bulk Composition:
index Pressure Temperature mass SiO2 TiO2 Al2O3 Fe2O3 Cr2O3 FeO MnO MgO NiO CoO CaO Na2O K2O P2O5 H2O 
1 1000.00 1177.00 100.000000 50.1621 1.58316 15.168 1.3724 0 9.58196 0 7.07086 0 0 10.5854 3.87379 0.0961444 0.130857 0.375367
2 1000.00 1177.00 100.000000 50.2315 1.30206 15.8677 1.08127 0 8.18145 0 7.47622 0 0 11.8721 3.50893 0.0799062 0.103097 0.295738
3 1000.00 1177.00 100.000000 50.2315 1.30206 15.8677 1.08127 0 8.18145 0 7.47622 0 0 11.8721 3.50893 0.0799062 0.103097 0.295738
4 1000.00 1176.90 100.000000 50.2315 1.30206 15.8677 1.08127 0 8.18145 0 7.47622 0 0 11.8721 3.50893 0.0799062 0.103097 0.295738
5 1000.00 1176.80 100.000000 50.2315 1.30206 15.8677 1.08127 0 8.18145 0 7.47622 0 0 11.8721 3.50893 0.0799062 0.103097 0.295738
6 1000.00 1176.70 100.000000 50.2315 1.30206 15.8677 1.08127 0 8.18145 0 7.47622 0 0 11.8721 3.50893 0.0799062 0.103097 0.295738
7 1000.00 1176.60 100.000000 50.2315 1.30206 15.8677 1.08127 0 8.18145 0 7.47622 0 0 11.8721 3.50893 0.0799062 0.103097 0.295738
8 1000.00 1176.50 100.000000 50.2315 1.30206 15.8677 1.08127 0 8.18145 0 7.47622 0 0 11.8721 3.50893 0.0799062 0.103097 0.295738
9 1000.00 1176.40 100.000000 50.2315 1.30206 15.8677 1.08127 0 8.18145 0 7.47622 0 0 11.8721 3.50893 0.0799062 0.103097 0.295738
10 1000.00 1176.30 100.000000 50.2315 1.30206 15.8677 1.08127 0 8.18145 0 7.47622 0 0 11.8721 3.50893 0.0799062 0.103097 0.295738
11 1000.00 1176.20 100.000000 50.2315 1.30206 15.8677 1.08127 0 8.18145 0 7.47622 0 0 11.8721 3.50893 0.0799062 0.103097 0.295738
12 1000.00 1176.10 100.000000 50.2315 1.30206 15.8677 1.08127 0 8.18145 0 7.47622 0 0 11.8721 3.50893 0.0799062 0.103097 0.295738
13 1000.00 1176.00 100.000000 50.2315 1.30206 15.8677 1.08127 0 8.18145 0 7.47622 0 0 11.8721 3.50893 0.0799062 0.103097 0.295738
14 1000.00 1175.90 100.000000 50.2315 1.30206 15.8677 1.08127 0 8.18145 0 7.47622 0 0 11.8721 3.50893 0.0799062 0.103097 0.295738
15 1000.00 1175.80 100.000000 50.2315 1.30206 15.8677 1.08127 0 8.18145 0 7.47622 0 0 11.8721 3.50893 0.0799062 0.103097 0.295738
16 1000.00 1175.70 100.000000 50.2315 1.30206 15.8677 1.08127 0 8.18145 0 7.47622 0 0 11.8721 3.50893 0.0799062 0.103097 0.295738
17 1000.00 1175.60 100.000000 50.2315 1.30206 15.8677 1.08127 0 8.18145 0 7.47622 0 0 11.8721 3.50893 0.0799062 0.103097 0.295738
18 1000.00 1175.50 100.000000 50.2315 1.30206 15.8677 1.08127 0 8.18145 0 7.47622 0 0 11.8721 3.50893 0.0799062 0.103097 0.295738
19 1000.00 1175.40 100.000000 50.2315 1.30206 15.8677 1.08127 0 8.18145 0 7.47622 0 0 11.8721 3.50893 0.0799062 0.103097 0.295738
20 1000.00 1175.30 100.000000 50.2315 1.30206 15.8677 1.08127 0 8.18145 0 7.47622 0 0 11.8721 3.50893 0.0799062 0.103097 0.295738
21 1000.00 1175.20 100.000000 50.2315 1.30206 15.8677 1.08127 0 8.18145 0 7.47622 0 0 11.8721 3.50893 0.0799062 0.103097 0.295738
22 1000.00 1175.10 100.000000 50.2315 1.30206 15.8677 1.08127 0 8.18145 0 7.47622 0 0 11.8721 3.50893 0.0799062 0.103097 0.295738
23 1000.00 1175.00 100.000000 50.2315 1.30206 15.8677 1.08127 0 8.18145 0 7.47622 0 0 11.8721 3.50893 0.0799062 0.103097 0.295738
24 1000.00 1174.90 100.000000 50.2315 1.30206 15.8677 1.08127 0 8.18145 0 7.47622 0 0 11.8721 3.50893 0.0799062 0.103097 0.295738
25 1000.00 1174.80 100.000000 50.2315 1.30206 15.8677 1.08127 0 8.18145 0 7.47622 0 0 11.8721 3.50893 0.0799062 0.103097 0.295738
26 1000.00 1174.70 100.000000 50.2315 1.30206 15.8677 1.08127 0 8.18145 0 7.47622 0 0 11.8721 3.50893 0.0799062 0.103097 0.295738
27 1000.00 1174.60 100.000000 50.2315 1.30206 15.8677 1.08127 0 8.18145 0 7.47622 0 0 11.8721 3.50893 0.0799062 0.103097 0.295738
28 1000.00 1174.50 100.000000 50.2315 1.30206 15.8677 1.08127 0 8.18145 0 7.47622 0 0 11.8721 3.50893 0.0799062 0.103097 0.295738
29 1000.00 1174.40 100.000000 50.2315 1.30206 15.8677 1.08127 0 8.18145 0 7.47622 0 0 11.8721 3.50893 0.0799062 0.103097 0.295738
30 1000.00 1174.30 100.000000 50.2315 1.30206 15.8677 1.08127 0 8.18145 0 7.47622 0 0 11.8721 3.50893 0.0799062 0.103097 0.295738
31 1000.00 1174.20 100.000000 50.2315 1.30206 15.8677 1.08127 0 8.18145 0 7.47622 0 0 11.8721 3.50893 0.0799062 0.103097 0.295738
32 1000.00 1174.10 100.000000 50.2315 1.30206 15.8677 1.08127 0 8.18145 0 7.47622 0 0 11.8721 3.50893 0.0799062 0.103097 0.295738
33 1000.00 1174.00 100.000000 50.2315 1.30206 15.8677 1.08127 0 8.18145 0 7.47622 0 0 11.8721 3.50893 0.0799062 0.103097 0.295738
34 1000.00 1173.90 100.000000 50.2315 1.30206 15.8677 1.08127 0 8.18145 0 7.47622 0 0 11.8721 3.50893 0.0799062 0.103097 0.295738
35 1000.00 1173.80 100.000000 50.2315 1.30206 15.8677 1.08127 0 8.18145 0 7.47622 0 0 11.8721 3.50893 0.0799062 0.103097 0.295738
36 1000.00 1173.70 100.000000 50.2315 1.30206 15.8677 1.08127 0 8.18145 0 7.47622 0 0 11.8721 3.50893 0.0799062 0.103097 0.295738
37 1000.00 1173.60 100.000000 50.2315 1.30206 15.8677 1.08127 0 8.18145 0 7.47622 0 0 11.8721 3.50893 0.0799062 0.103097 0.295738
38 1000.00 1173.50 100.000000 50.2315 1.30206 15.8677 1.08127 0 8.18145 0 7.47622 0 0 11.8721 3.50893 0.0799062 0.103097 0.295738
39 1000.00 1173.40 100.000000 50.2315 1.30206 15.8677 1.08127 0 8.18145 0 7.47622 0 0 11.8721 3.50893 0.0799062 0.103097 0.295738
40 1000.00 1173.30 100.000000 50.2315 1.30206 15.8677 1.08127 0 8.18145 0 7.47622 0 0 11.8721 3.50893 0.0799062 0.103097 0.295738
41 1000.00 1173.20 100.000000 50.2315 1.30206 15.8677 1.08127 0 8.18145 0 7.47622 0 0 11.8721 3.50893 0.0799062 0.103097 0.295738
42 1000.00 1173.10 100.000000 50.2315 1.30206 15.8677 1.08127 0 8.18145 0 7.47622 0 0 11.8721 3.50893 0.0799062 0.103097 0.295738
43 1000.00 1173.00 100.000000 50.2315 1.30206 15.8677 1.08127 0 8.18145 0 7.47622 0 0 11.8721 3.50893 0.0799062 0.103097 0.295738
44 1000.00 1172.90 100.000000 50.2315 1.30206 15.8677 1.08127 0 8.18145 0 7.47622 0 0 11.8721 3.50893 0.0799062 0.103097 0.295738
45 1000.00 1172.80 100.000000 50.2315 1.30206 15.8677 1.08127 0 8.18145 0 7.47622 0 0 11.8721 3.50893 0.0799062 0.103097 0.295738
46 1000.00 1172.70 100.000000 50.2315 1.30206 15.8677 1.08127 0 8.18145 0 7.47622 0 0 11.8721 3.50893 0.0799062 0.103097 0.295738
47 1000.00 1172.60 100.000000 50.2315 1.30206 15.8677 1.08127 0 8.18145 0 7.47622 0 0 11.8721 3.50893 0.0799062 0.103097 0.295738
48 1000.00 1172.50 100.000000 50.2315 1.30206 15.8677 1.08127 0 8.18145 0 7.47622 0 0 11.8721 3.50893 0.0799062 0.103097 0.295738
49 1000.00 1172.40 100.000000 50.2315 1.30206 15.8677 1.08127 0 8.18145 0 7.47622 0 0 11.8721 3.50893 0.0799062 0.103097 0.295738
50 1000.00 1172.30 100.000000 50.2315 1.30206 15.8677 1.08127 0 8.18145 0 7.47622 0 0 11.8721 3.50893 0.0799062 0.103097 0.295738
51 1000.00 1172.20 100.000000 50.2315 1.30206 15.8677 1.08127 0 8.18145 0 7.47622 0 0 11.8721 3.50893 0.0799062 0.103097 0.295738
52 1000.00 1172.10 100.000000 50.2315 1.30206 15.8677 1.08127 0 8.18145 0 7.47622 0 0 11.8721 3.50893 0.0799062 0.103097 0.295738
53 1000.00 1172.10 100.000000 50.3421 1.35961 15.8204 0.987663 0 8.39209 0 7.22156 0 0 11.6574 3.70732 0.0875524 0.109687 0.314642
54 1000.00 1172.10 100.000000 50.3421 1.35961 15.8204 0.987663 0 8.39209 0 7.22156 0 0 11.6574 3.70732 0.0875524 0.109687 0.314642
55 1000.00 1172.00 100.000000 50.3421 1.35961 15.8204 0.987663 0 8.39209 0 7.22156 0 0 11.6574 3.70732 0.0875524 0.109687 0.314642
56 1000.00 1171.90 100.000000 50.3421 1.35961 15.8204 0.987663 0 8.39209 0 7.22156 0 0 11.6574 3.70732 0.0875524 0.109687 0.314642
57 1000.00 1171.80 100.000000 50.3421 1.35961 15.8204 0.987663 0 8.39209 0 7.22156 0 0 11.6574 3.70732 0.0875524 0.109687 0.314642
58 1000.00 1171.70 100.000000 50.3421 1.35961 15.8204 0.987663 0 8.39209 0 7.22156 0 0 11.6574 3.70732 0.0875524 0.109687 0.314642
59 1000.00 1171.60 100.000000 50.3421 1.35961 15.8204 0.987663 0 8.39209 0 7.22156 0 0 11.6574 3.70732 0.0875524 0.109687 0.314642
60 1000.00 1171.50 100.000000 50.3421 1.35961 15.8204 0.987663 0 8.39209 0 7.22156 0 0 11.6574 3.70732 0.0875524 0.109687 0.314642
61 1000.00 1171.40 100.000000 50.3421 1.35961 15.8204 0.987663 0 8.39209 0 7.22156 0 0 11.6574 3.70732 0.0875524 0.109687 0.314642
62 1000.00 1171.30 100.000000 50.3421 1.35961 15.8204 0.987663 0 8.39209 0 7.22156 0 0 11.6574 3.70732 0.0875524 0.109687 0.314642
63 1000.00 1171.20 100.000000 50.3421 1.35961 15.8204 0.987663 0 8.39209 0 7.22156 0 0 11.6574 3.70732 0.0875524 0.109687 0.314642
64 1000.00 1171.10 100.000000 50.3421 1.35961 15.8204 0.987663 0 8.39209 0 7.22156 0 0 11.6574 3.70732 0.0875524 0.109687 0.314642
65 1000.00 1171.00 100.000000 50.3421 1.35961 15.8204 0.987663 0 8.39209 0 7.22156 0 0 11.6574 3.70732 0.0875524 0.109687 0.314642
66 1000.00 1170.90 100.000000 50.3421 1.35961 15.8204 0.987663 0 8.39209 0 7.22156 0 0 11.6574 3.70732 0.0875524 0.109687 0.314642
67 1000.00 1170.80 100.000000 50.3421 1.35961 15.8204 0.987663 0 8.39209 0 7.22156 0 0 11.6574 3.70732 0.0875524 0.109687 0.314642
68 1000.00 1170.70 100.000000 50.3421 1.35961 15.8204 0.987663 0 8.39209 0 7.22156 0 0 11.6574 3.70732 0.0875524 0.109687 0.314642
69 1000.00 1170.60 100.000000 50.3421 1.35961 15.8204 0.987663 0 8.39209 0 7.22156 0 0 11.6574 3.70732 0.0875524 0.109687 0.314642
70 1000.00 1170.50 100.000000 50.3421 1.35961 15.8204 0.987663 0 8.39209 0 7.22156 0 0 11.6574 3.70732 0.0875524 0.109687 0.314642
71 1000.00 1170.40 100.000000 50.3421 1.35961 15.8204 0.987663 0 8.39209 0 7.22156 0 0 11.6574 3.70732 0.0875524 0.109687 0.314642
72 1000.00 1170.30 100.000000 50.3421 1.35961 15.8204 0.987663 0 8.39209 0 7.22156 0 0 11.6574 3.70732 0.0875524 0.109687 0.314642
73 1000.00 1170.20 100.000000 50.3421 1.35961 15.8204 0.987663 0 8.39209 0 7.22156 0 0 11.6574 3.70732 0.0875524 0.109687 0.314642
74 1000.00 1170.10 100.000000 50.3421 1.35961 15.8204 0.987663 0 8.39209 0 7.22156 0 0 11.6574 3.70732 0.0875524 0.109687 0.314642