Liquid Composition:
index Pressure Temperature mass SiO2 TiO2 Al2O3 Fe2O3 Cr2O3 FeO MnO MgO NiO CoO CaO Na2O K2O P2O5 H2O 
1 1000.00 1177.00 100.000000 50.1621 1.58316 15.168 1.3724 0 9.58196 0 7.07086 0 0 10.5854 3.87379 0.0961444 0.130857 0.375367
2 1000.00 1177.00 79.092310 50.2715 1.57431 15.2367 1.20895 0 9.51519 0 7.0007 0 0 10.6007 3.98814 0.0995967 0.13035 0.373914
3 1000.00 1177.00 79.092310 50.2715 1.57431 15.2367 1.20895 0 9.51519 0 7.0007 0 0 10.6007 3.98814 0.0995967 0.13035 0.373914
4 1000.00 1176.90 78.984269 50.2722 1.57599 15.234 1.20985 0 9.52214 0 6.99542 0 0 10.5947 3.99101 0.0997232 0.130529 0.374426
5 1000.00 1176.80 78.876456 50.2729 1.57768 15.2314 1.21076 0 9.52908 0 6.99015 0 0 10.5887 3.99387 0.0998498 0.130707 0.374938
6 1000.00 1176.70 78.768871 50.2736 1.57936 15.2287 1.21166 0 9.53602 0 6.98488 0 0 10.5827 3.99674 0.0999764 0.130886 0.37545
7 1000.00 1176.60 78.661513 50.2743 1.58105 15.2261 1.21256 0 9.54295 0 6.97962 0 0 10.5767 3.9996 0.100103 0.131064 0.375962
8 1000.00 1176.50 78.554381 50.275 1.58273 15.2234 1.21346 0 9.54987 0 6.97436 0 0 10.5707 4.00245 0.10023 0.131243 0.376475
9 1000.00 1176.40 78.447474 50.2757 1.58441 15.2208 1.21436 0 9.55679 0 6.9691 0 0 10.5647 4.00531 0.100357 0.131422 0.376988
10 1000.00 1176.30 78.340792 50.2764 1.58609 15.2182 1.21527 0 9.5637 0 6.96386 0 0 10.5587 4.00816 0.100483 0.131601 0.377501
11 1000.00 1176.20 78.234333 50.2771 1.58777 15.2155 1.21617 0 9.57061 0 6.95861 0 0 10.5528 4.01101 0.10061 0.13178 0.378015
12 1000.00 1176.10 78.128097 50.2778 1.58946 15.2129 1.21707 0 9.57752 0 6.95337 0 0 10.5468 4.01385 0.100737 0.131959 0.378529
13 1000.00 1176.00 78.022083 50.2785 1.59114 15.2102 1.21798 0 9.58441 0 6.94814 0 0 10.5408 4.0167 0.100864 0.132138 0.379043
14 1000.00 1175.90 77.916290 50.2792 1.59282 15.2076 1.21888 0 9.59131 0 6.94291 0 0 10.5349 4.01954 0.100991 0.132318 0.379558
15 1000.00 1175.80 77.810718 50.2799 1.5945 15.205 1.21979 0 9.5982 0 6.93768 0 0 10.5289 4.02238 0.101118 0.132497 0.380073
16 1000.00 1175.70 77.705366 50.2806 1.59617 15.2023 1.22069 0 9.60508 0 6.93246 0 0 10.523 4.02521 0.101245 0.132677 0.380588
17 1000.00 1175.60 77.600232 50.2812 1.59785 15.1997 1.2216 0 9.61195 0 6.92725 0 0 10.517 4.02805 0.101372 0.132857 0.381104
18 1000.00 1175.50 77.495317 50.2819 1.59953 15.1971 1.22251 0 9.61883 0 6.92204 0 0 10.5111 4.03088 0.101499 0.133037 0.38162
19 1000.00 1175.40 77.390619 50.2826 1.60121 15.1944 1.22341 0 9.62569 0 6.91683 0 0 10.5052 4.0337 0.101626 0.133217 0.382136
20 1000.00 1175.30 77.286138 50.2832 1.60288 15.1918 1.22432 0 9.63255 0 6.91163 0 0 10.4992 4.03653 0.101754 0.133397 0.382653
21 1000.00 1175.20 77.181873 50.2839 1.60456 15.1892 1.22523 0 9.63941 0 6.90644 0 0 10.4933 4.03935 0.101881 0.133577 0.38317
22 1000.00 1175.10 77.077823 50.2846 1.60623 15.1865 1.22614 0 9.64626 0 6.90124 0 0 10.4874 4.04217 0.102008 0.133757 0.383687
23 1000.00 1175.00 76.973987 50.2852 1.60791 15.1839 1.22705 0 9.65311 0 6.89606 0 0 10.4815 4.04499 0.102136 0.133938 0.384205
24 1000.00 1174.90 76.870365 50.2858 1.60958 15.1813 1.22795 0 9.65994 0 6.89087 0 0 10.4756 4.04781 0.102263 0.134118 0.384723
25 1000.00 1174.80 76.766956 50.2865 1.61126 15.1786 1.22886 0 9.66678 0 6.8857 0 0 10.4697 4.05062 0.10239 0.134299 0.385241
26 1000.00 1174.70 76.663760 50.2871 1.61293 15.176 1.22977 0 9.67361 0 6.88052 0 0 10.4638 4.05343 0.102518 0.13448 0.385759
27 1000.00 1174.60 76.560774 50.2878 1.6146 15.1734 1.23069 0 9.68043 0 6.87536 0 0 10.458 4.05624 0.102646 0.134661 0.386278
28 1000.00 1174.50 76.458000 50.2884 1.61627 15.1707 1.2316 0 9.68725 0 6.87019 0 0 10.4521 4.05904 0.102773 0.134842 0.386797
29 1000.00 1174.40 76.355435 50.289 1.61794 15.1681 1.23251 0 9.69407 0 6.86503 0 0 10.4462 4.06184 0.102901 0.135023 0.387317
30 1000.00 1174.30 76.253080 50.2897 1.61962 15.1655 1.23342 0 9.70087 0 6.85988 0 0 10.4404 4.06464 0.103028 0.135204 0.387837
31 1000.00 1174.20 76.150933 50.2903 1.62129 15.1629 1.23433 0 9.70768 0 6.85473 0 0 10.4345 4.06744 0.103156 0.135385 0.388357
32 1000.00 1174.10 76.048994 50.2909 1.62295 15.1602 1.23525 0 9.71447 0 6.84958 0 0 10.4286 4.07024 0.103284 0.135567 0.388878
33 1000.00 1174.00 75.947262 50.2915 1.62462 15.1576 1.23616 0 9.72127 0 6.84444 0 0 10.4228 4.07303 0.103412 0.135748 0.389399
34 1000.00 1173.90 75.845737 50.2921 1.62629 15.155 1.23707 0 9.72805 0 6.83931 0 0 10.417 4.07582 0.10354 0.13593 0.38992
35 1000.00 1173.80 75.744417 50.2927 1.62796 15.1524 1.23799 0 9.73483 0 6.83418 0 0 10.4111 4.07861 0.103668 0.136112 0.390441
36 1000.00 1173.70 75.643303 50.2933 1.62963 15.1497 1.2389 0 9.74161 0 6.82905 0 0 10.4053 4.08139 0.103796 0.136294 0.390963
37 1000.00 1173.60 75.542392 50.2939 1.63129 15.1471 1.23982 0 9.74838 0 6.82393 0 0 10.3995 4.08417 0.103924 0.136476 0.391486
38 1000.00 1173.50 75.441685 50.2945 1.63296 15.1445 1.24073 0 9.75515 0 6.81881 0 0 10.3937 4.08695 0.104052 0.136658 0.392008
39 1000.00 1173.40 75.341182 50.2951 1.63462 15.1419 1.24165 0 9.76191 0 6.8137 0 0 10.3878 4.08973 0.10418 0.13684 0.392531
40 1000.00 1173.30 75.240880 50.2957 1.63629 15.1393 1.24256 0 9.76866 0 6.80859 0 0 10.382 4.0925 0.104308 0.137023 0.393054
41 1000.00 1173.20 75.140780 50.2963 1.63795 15.1367 1.24348 0 9.77541 0 6.80348 0 0 10.3762 4.09528 0.104436 0.137205 0.393578
42 1000.00 1173.10 75.040881 50.2969 1.63961 15.134 1.2444 0 9.78216 0 6.79838 0 0 10.3704 4.09805 0.104564 0.137388 0.394102
43 1000.00 1173.00 74.941181 50.2975 1.64128 15.1314 1.24532 0 9.7889 0 6.79329 0 0 10.3646 4.10081 0.104693 0.137571 0.394626
44 1000.00 1172.90 74.841682 50.298 1.64294 15.1288 1.24623 0 9.79563 0 6.7882 0 0 10.3589 4.10358 0.104821 0.137754 0.395151
45 1000.00 1172.80 74.742381 50.2986 1.6446 15.1262 1.24715 0 9.80236 0 6.78311 0 0 10.3531 4.10634 0.104949 0.137937 0.395676
46 1000.00 1172.70 74.643278 50.2992 1.64626 15.1236 1.24807 0 9.80908 0 6.77803 0 0 10.3473 4.1091 0.105078 0.13812 0.396201
47 1000.00 1172.60 74.544373 50.2997 1.64792 15.121 1.24899 0 9.8158 0 6.77295 0 0 10.3415 4.11186 0.105206 0.138303 0.396727
48 1000.00 1172.50 74.445665 50.3003 1.64958 15.1183 1.24991 0 9.82252 0 6.76788 0 0 10.3358 4.11461 0.105335 0.138486 0.397253
49 1000.00 1172.40 74.347153 50.3008 1.65124 15.1157 1.25083 0 9.82922 0 6.76281 0 0 10.33 4.11736 0.105463 0.13867 0.397779
50 1000.00 1172.30 74.248836 50.3014 1.6529 15.1131 1.25175 0 9.83593 0 6.75775 0 0 10.3243 4.12011 0.105592 0.138854 0.398306
51 1000.00 1172.20 74.150714 50.302 1.65455 15.1105 1.25267 0 9.84262 0 6.75269 0 0 10.3185 4.12286 0.105721 0.139037 0.398833
52 1000.00 1172.10 74.052786 50.3025 1.65621 15.1079 1.2536 0 9.84931 0 6.74764 0 0 10.3128 4.1256 0.105849 0.139221 0.399361
53 1000.00 1172.10 78.742632 50.3868 1.64556 15.1811 1.10259 0 9.7814 0 6.68847 0 0 10.3348 4.23076 0.109558 0.139299 0.399582
54 1000.00 1172.10 78.742632 50.3868 1.64556 15.1811 1.10259 0 9.7814 0 6.68847 0 0 10.3348 4.23076 0.109558 0.139299 0.399582
55 1000.00 1172.00 78.641068 50.3876 1.64719 15.1786 1.10335 0 9.78808 0 6.68333 0 0 10.329 4.23365 0.109689 0.139478 0.400098
56 1000.00 1171.90 78.539705 50.3883 1.64882 15.176 1.10411 0 9.79476 0 6.6782 0 0 10.3232 4.23654 0.10982 0.139658 0.400615
57 1000.00 1171.80 78.438541 50.389 1.65044 15.1734 1.10486 0 9.80143 0 6.67307 0 0 10.3174 4.23943 0.109951 0.139839 0.401131
58 1000.00 1171.70 78.337577 50.3897 1.65207 15.1708 1.10562 0 9.80809 0 6.66795 0 0 10.3116 4.24232 0.110083 0.140019 0.401648
59 1000.00 1171.60 78.236811 50.3905 1.6537 15.1683 1.10638 0 9.81475 0 6.66283 0 0 10.3058 4.2452 0.110214 0.140199 0.402166
60 1000.00 1171.50 78.136243 50.3912 1.65533 15.1657 1.10714 0 9.82141 0 6.65772 0 0 10.3 4.24809 0.110345 0.14038 0.402683
61 1000.00 1171.40 78.035872 50.3919 1.65695 15.1631 1.1079 0 9.82806 0 6.65261 0 0 10.2943 4.25097 0.110477 0.14056 0.403201
62 1000.00 1171.30 77.935697 50.3926 1.65858 15.1606 1.10867 0 9.8347 0 6.64751 0 0 10.2885 4.25384 0.110608 0.140741 0.40372
63 1000.00 1171.20 77.835719 50.3933 1.66021 15.158 1.10943 0 9.84134 0 6.64241 0 0 10.2827 4.25672 0.11074 0.140922 0.404238
64 1000.00 1171.10 77.735935 50.394 1.66183 15.1554 1.11019 0 9.84798 0 6.63731 0 0 10.277 4.25959 0.110871 0.141102 0.404757
65 1000.00 1171.00 77.636346 50.3947 1.66345 15.1528 1.11095 0 9.85461 0 6.63222 0 0 10.2712 4.26246 0.111003 0.141283 0.405276
66 1000.00 1170.90 77.536951 50.3954 1.66508 15.1503 1.11171 0 9.86123 0 6.62713 0 0 10.2655 4.26533 0.111134 0.141465 0.405796
67 1000.00 1170.80 77.437749 50.3961 1.6667 15.1477 1.11247 0 9.86785 0 6.62205 0 0 10.2597 4.26819 0.111266 0.141646 0.406316
68 1000.00 1170.70 77.338740 50.3968 1.66832 15.1451 1.11324 0 9.87447 0 6.61697 0 0 10.254 4.27106 0.111398 0.141827 0.406836
69 1000.00 1170.60 77.239922 50.3974 1.66994 15.1426 1.114 0 9.88108 0 6.6119 0 0 10.2483 4.27392 0.11153 0.142009 0.407356
70 1000.00 1170.50 77.141296 50.3981 1.67156 15.14 1.11476 0 9.88768 0 6.60683 0 0 10.2425 4.27678 0.111662 0.14219 0.407877
71 1000.00 1170.40 77.042861 50.3988 1.67318 15.1375 1.11553 0 9.89428 0 6.60176 0 0 10.2368 4.27963 0.111793 0.142372 0.408398
72 1000.00 1170.30 76.944615 50.3995 1.6748 15.1349 1.11629 0 9.90087 0 6.5967 0 0 10.2311 4.28249 0.111925 0.142554 0.40892
73 1000.00 1170.20 76.846559 50.4002 1.67642 15.1323 1.11706 0 9.90746 0 6.59164 0 0 10.2254 4.28534 0.112057 0.142735 0.409441
74 1000.00 1170.10 76.748691 50.4008 1.67804 15.1298 1.11782 0 9.91404 0 6.58659 0 0 10.2197 4.28819 0.112189 0.142918 0.409963