index 1 Pressure 1000.00 Temperature 1177.00 SiO2 TiO2 Al2O3 Fe2O3 Cr2O3 FeO MnO MgO NiO CoO CaO Na2O K2O P2O5 H2O
liquid1 100.000000 -1209552.250502 269.404701 37.520843 146.045813 2.405 50.1621 1.58316 15.168 1.3724 0 9.58196 0 7.07086 0 0 10.5854 3.87379 0.0961444 0.130857 0.375367
index 2 Pressure 1000.00 Temperature 1177.00 SiO2 TiO2 Al2O3 Fe2O3 Cr2O3 FeO MnO MgO NiO CoO CaO Na2O K2O P2O5 H2O
liquid1 79.092310 -958167.899987 213.226316 29.717234 115.482175 2.422 50.2715 1.57431 15.2367 1.20895 0 9.51519 0 7.0007 0 0 10.6007 3.98814 0.0995967 0.13035 0.373914
olivine1 0.899132 -10890.636352 2.159226 0.272794 1.109802 (Ca0.01Mg0.82Fe''0.18Mn0.00Co0.00Ni0.00)2SiO4 39.4099 0 0 0 0 17.2621 0 42.8321 0 0 0.49589 0 0 0 0
clinopyroxene1 9.467656 -121849.918835 22.131969 2.936195 11.274953     Na0.02Ca0.80Fe''0.16Mg0.90Fe'''0.04Ti0.02Al0.20Si1.87O6 51.1065 0.601053 4.66773 1.32109 0 5.28594 0 16.4147 0 0 20.3916 0.211376 0 0 0
plagioclase1 10.540901 -145347.492877 25.704135 3.963503 12.979240 K0.00Na0.28Ca0.72Al1.72Si2.28O8 50.0691 0 32.0156 0 0 0 0 0 0 0 14.7303 3.17429 0.0107474 0 0
index 3 Pressure 1000.00 Temperature 1177.00 SiO2 TiO2 Al2O3 Fe2O3 Cr2O3 FeO MnO MgO NiO CoO CaO Na2O K2O P2O5 H2O
liquid1 79.092310 -958167.899987 213.226316 29.717234 115.482175 2.422 50.2715 1.57431 15.2367 1.20895 0 9.51519 0 7.0007 0 0 10.6007 3.98814 0.0995967 0.13035 0.373914
olivine1 0.899132 -10890.636352 2.159226 0.272794 1.109802 (Ca0.01Mg0.82Fe''0.18Mn0.00Co0.00Ni0.00)2SiO4 39.4099 0 0 0 0 17.2621 0 42.8321 0 0 0.49589 0 0 0 0
clinopyroxene1 9.467656 -121849.918835 22.131969 2.936195 11.274953     Na0.02Ca0.80Fe''0.16Mg0.90Fe'''0.04Ti0.02Al0.20Si1.87O6 51.1065 0.601053 4.66773 1.32109 0 5.28594 0 16.4147 0 0 20.3916 0.211376 0 0 0
plagioclase1 10.540901 -145347.492877 25.704135 3.963503 12.979240 K0.00Na0.28Ca0.72Al1.72Si2.28O8 50.0691 0 32.0156 0 0 0 0 0 0 0 14.7303 3.17429 0.0107474 0 0
index 4 Pressure 1000.00 Temperature 1176.90 SiO2 TiO2 Al2O3 Fe2O3 Cr2O3 FeO MnO MgO NiO CoO CaO Na2O K2O P2O5 H2O
liquid1 78.984269 -956795.382597 212.932034 29.676721 115.317610 2.422 50.2722 1.57599 15.234 1.20985 0 9.52214 0 6.99542 0 0 10.5947 3.99101 0.0997232 0.130529 0.374426
olivine1 0.910289 -11024.437201 2.185895 0.276161 1.123499 (Ca0.01Mg0.82Fe''0.18Mn0.00Co0.00Ni0.00)2SiO4 39.4073 0 0 0 0 17.2764 0 42.8206 0 0 0.495754 0 0 0 0
clinopyroxene1 9.511897 -122415.808481 22.234560 2.949845 11.327382     Na0.02Ca0.80Fe''0.16Mg0.90Fe'''0.04Ti0.02Al0.20Si1.87O6 51.1046 0.602143 4.66798 1.3212 0 5.29013 0 16.4126 0 0 20.3898 0.211504 0 0 0
plagioclase1 10.593544 -146074.157184 25.832031 3.983354 13.043982 K0.00Na0.28Ca0.72Al1.72Si2.28O8 50.0746 0 32.0119 0 0 0 0 0 0 0 14.7259 3.17682 0.0107664 0 0
index 5 Pressure 1000.00 Temperature 1176.80 SiO2 TiO2 Al2O3 Fe2O3 Cr2O3 FeO MnO MgO NiO CoO CaO Na2O K2O P2O5 H2O
liquid1 78.876456 -955425.847439 212.638376 29.636294 115.153403 2.423 50.2729 1.57768 15.2314 1.21076 0 9.52908 0 6.99015 0 0 10.5887 3.99387 0.0998498 0.130707 0.374938
olivine1 0.921425 -11157.936797 2.212507 0.279522 1.137167 (Ca0.01Mg0.82Fe''0.18Mn0.00Co0.00Ni0.00)2SiO4 39.4046 0 0 0 0 17.2907 0 42.8091 0 0 0.495618 0 0 0 0
clinopyroxene1 9.556035 -122980.337245 22.336900 2.963463 11.379686     Na0.02Ca0.80Fe''0.16Mg0.90Fe'''0.04Ti0.02Al0.20Si1.87O6 51.1027 0.603235 4.66823 1.32131 0 5.29433 0 16.4104 0 0 20.3881 0.211633 0 0 0
plagioclase1 10.646084 -146799.408537 25.959671 4.003166 13.108596 K0.00Na0.28Ca0.72Al1.72Si2.28O8 50.0801 0 32.0082 0 0 0 0 0 0 0 14.7216 3.17934 0.0107854 0 0
index 6 Pressure 1000.00 Temperature 1176.70 SiO2 TiO2 Al2O3 Fe2O3 Cr2O3 FeO MnO MgO NiO CoO CaO Na2O K2O P2O5 H2O
liquid1 78.768871 -954059.283961 212.345339 29.595953 114.989555 2.423 50.2736 1.57936 15.2287 1.21166 0 9.53602 0 6.98488 0 0 10.5827 3.99674 0.0999764 0.130886 0.37545
olivine1 0.932538 -11291.136440 2.239064 0.282875 1.150806 (Ca0.01Mg0.82Fe''0.18Mn0.00Co0.00Ni0.00)2SiO4 39.4019 0 0 0 0 17.305 0 42.7975 0 0 0.495482 0 0 0 0
clinopyroxene1 9.600069 -123543.510073 22.438993 2.977048 11.431864     Na0.02Ca0.80Fe''0.16Mg0.90Fe'''0.04Ti0.02Al0.20Si1.87O6 51.1009 0.604329 4.66848 1.32143 0 5.29852 0 16.4083 0 0 20.3864 0.211762 0 0 0
plagioclase1 10.698521 -147523.251579 26.087056 4.022940 13.173083 K0.00Na0.28Ca0.72Al1.72Si2.28O8 50.0855 0 32.0045 0 0 0 0 0 0 0 14.7173 3.18186 0.0108044 0 0
index 7 Pressure 1000.00 Temperature 1176.60 SiO2 TiO2 Al2O3 Fe2O3 Cr2O3 FeO MnO MgO NiO CoO CaO Na2O K2O P2O5 H2O
liquid1 78.661513 -952695.681660 212.052921 29.555696 114.826064 2.424 50.2743 1.58105 15.2261 1.21256 0 9.54295 0 6.97962 0 0 10.5767 3.9996 0.100103 0.131064 0.375962
olivine1 0.943630 -11424.037423 2.265564 0.286221 1.164416 (Ca0.01Mg0.82Fe''0.18Mn0.00Co0.00Ni0.00)2SiO4 39.3993 0 0 0 0 17.3194 0 42.786 0 0 0.495347 0 0 0 0
clinopyroxene1 9.644001 -124105.331889 22.540837 2.990601 11.483918     Na0.02Ca0.80Fe''0.16Mg0.90Fe'''0.04Ti0.02Al0.20Si1.87O6 51.099 0.605423 4.66874 1.32154 0 5.30272 0 16.4061 0 0 20.3846 0.211891 0 0 0
plagioclase1 10.750856 -148245.690930 26.214185 4.042676 13.237442 K0.00Na0.28Ca0.72Al1.72Si2.28O8 50.091 0 32.0008 0 0 0 0 0 0 0 14.713 3.18438 0.0108235 0 0
index 8 Pressure 1000.00 Temperature 1176.50 SiO2 TiO2 Al2O3 Fe2O3 Cr2O3 FeO MnO MgO NiO CoO CaO Na2O K2O P2O5 H2O
liquid1 78.554381 -951335.030085 211.761120 29.515523 114.662928 2.424 50.275 1.58273 15.2234 1.21346 0 9.54987 0 6.97436 0 0 10.5707 4.00245 0.10023 0.131243 0.376475
olivine1 0.954699 -11556.641031 2.292009 0.289560 1.177997 (Ca0.01Mg0.82Fe''0.18Mn0.00Co0.00Ni0.00)2SiO4 39.3966 0 0 0 0 17.3337 0 42.7745 0 0 0.495211 0 0 0 0
clinopyroxene1 9.687831 -124665.807595 22.642435 3.004121 11.535848     Na0.02Ca0.80Fe''0.16Mg0.90Fe'''0.04Ti0.02Al0.20Si1.87O6 51.0971 0.60652 4.669 1.32166 0 5.3069 0 16.4039 0 0 20.3829 0.21202 0 0 0
plagioclase1 10.803089 -148966.731187 26.341061 4.062374 13.301676 K0.00Na0.28Ca0.72Al1.72Si2.28O8 50.0965 0 31.9971 0 0 0 0 0 0 0 14.7086 3.1869 0.0108426 0 0
index 9 Pressure 1000.00 Temperature 1176.40 SiO2 TiO2 Al2O3 Fe2O3 Cr2O3 FeO MnO MgO NiO CoO CaO Na2O K2O P2O5 H2O
liquid1 78.447474 -949977.318839 211.469934 29.475435 114.500146 2.425 50.2757 1.58441 15.2208 1.21436 0 9.55679 0 6.9691 0 0 10.5647 4.00531 0.100357 0.131422 0.376988
olivine1 0.965747 -11688.948546 2.318399 0.292893 1.191550 (Ca0.01Mg0.82Fe''0.18Mn0.00Co0.00Ni0.00)2SiO4 39.3939 0 0 0 0 17.348 0 42.763 0 0 0.495076 0 0 0 0
clinopyroxene1 9.731560 -125224.942067 22.743788 3.017609 11.587654     Na0.02Ca0.80Fe''0.16Mg0.90Fe'''0.04Ti0.02Al0.20Si1.87O6 51.0952 0.607617 4.66926 1.32177 0 5.31109 0 16.4018 0 0 20.3812 0.212149 0 0 0
plagioclase1 10.855219 -149686.376923 26.467684 4.082035 13.365783 K0.00Na0.28Ca0.72Al1.72Si2.28O8 50.1019 0 31.9935 0 0 0 0 0 0 0 14.7043 3.18942 0.0108617 0 0
index 10 Pressure 1000.00 Temperature 1176.30 SiO2 TiO2 Al2O3 Fe2O3 Cr2O3 FeO MnO MgO NiO CoO CaO Na2O K2O P2O5 H2O
liquid1 78.340792 -948622.537570 211.179360 29.435431 114.337717 2.425 50.2764 1.58609 15.2182 1.21527 0 9.5637 0 6.96386 0 0 10.5587 4.00816 0.100483 0.131601 0.377501
olivine1 0.976773 -11820.961243 2.344733 0.296218 1.205074 (Ca0.01Mg0.82Fe''0.18Mn0.00Co0.00Ni0.00)2SiO4 39.3913 0 0 0 0 17.3623 0 42.7515 0 0 0.49494 0 0 0 0
clinopyroxene1 9.775186 -125782.740157 22.844895 3.031065 11.639336     Na0.02Ca0.80Fe''0.16Mg0.90Fe'''0.04Ti0.02Al0.20Si1.87O6 51.0933 0.608716 4.66952 1.32189 0 5.31528 0 16.3996 0 0 20.3794 0.212278 0 0 0
plagioclase1 10.907249 -150404.632691 26.594055 4.101658 13.429765 K0.00Na0.28Ca0.72Al1.72Si2.28O8 50.1074 0 31.9898 0 0 0 0 0 0 0 14.7 3.19193 0.0108808 0 0
index 11 Pressure 1000.00 Temperature 1176.20 SiO2 TiO2 Al2O3 Fe2O3 Cr2O3 FeO MnO MgO NiO CoO CaO Na2O K2O P2O5 H2O
liquid1 78.234333 -947270.675977 210.889396 29.395511 114.175639 2.426 50.2771 1.58777 15.2155 1.21617 0 9.57061 0 6.95861 0 0 10.5528 4.01101 0.10061 0.13178 0.378015
olivine1 0.987778 -11952.680392 2.371013 0.299536 1.218569 (Ca0.01Mg0.82Fe''0.18Mn0.00Co0.00Ni0.00)2SiO4 39.3886 0 0 0 0 17.3766 0 42.74 0 0 0.494805 0 0 0 0
clinopyroxene1 9.818712 -126339.206696 22.945758 3.044489 11.690896     Na0.02Ca0.80Fe''0.16Mg0.90Fe'''0.04Ti0.02Al0.20Si1.87O6 51.0914 0.609816 4.66979 1.32201 0 5.31946 0 16.3974 0 0 20.3777 0.212407 0 0 0
plagioclase1 10.959178 -151121.503020 26.720174 4.121243 13.493622 K0.00Na0.28Ca0.72Al1.72Si2.28O8 50.1129 0 31.9861 0 0 0 0 0 0 0 14.6957 3.19445 0.0108999 0 0
index 12 Pressure 1000.00 Temperature 1176.10 SiO2 TiO2 Al2O3 Fe2O3 Cr2O3 FeO MnO MgO NiO CoO CaO Na2O K2O P2O5 H2O
liquid1 78.128097 -945921.723811 210.600041 29.355674 114.013912 2.426 50.2778 1.58946 15.2129 1.21707 0 9.57752 0 6.95337 0 0 10.5468 4.01385 0.100737 0.131959 0.378529
olivine1 0.998761 -12084.107256 2.397238 0.302847 1.232037 (Ca0.01Mg0.82Fe''0.18Mn0.00Co0.00Ni0.00)2SiO4 39.3859 0 0 0 0 17.3909 0 42.7285 0 0 0.49467 0 0 0 0
clinopyroxene1 9.862137 -126894.346490 23.046378 3.057882 11.742333     Na0.02Ca0.80Fe''0.16Mg0.90Fe'''0.04Ti0.02Al0.20Si1.87O6 51.0894 0.610918 4.67006 1.32213 0 5.32364 0 16.3953 0 0 20.376 0.212536 0 0 0
plagioclase1 11.011005 -151836.992417 26.846043 4.140791 13.557353 K0.00Na0.28Ca0.72Al1.72Si2.28O8 50.1183 0 31.9824 0 0 0 0 0 0 0 14.6914 3.19696 0.0109191 0 0
index 13 Pressure 1000.00 Temperature 1176.00 SiO2 TiO2 Al2O3 Fe2O3 Cr2O3 FeO MnO MgO NiO CoO CaO Na2O K2O P2O5 H2O
liquid1 78.022083 -944575.670873 210.311292 29.315920 113.852535 2.426 50.2785 1.59114 15.2102 1.21798 0 9.58441 0 6.94814 0 0 10.5408 4.0167 0.100864 0.132138 0.379043
olivine1 1.009722 -12215.243092 2.423409 0.306151 1.245476 (Ca0.01Mg0.82Fe''0.18Mn0.00Co0.00Ni0.00)2SiO4 39.3833 0 0 0 0 17.4053 0 42.7169 0 0 0.494535 0 0 0 0
clinopyroxene1 9.905462 -127448.164322 23.146756 3.071242 11.793649     Na0.02Ca0.80Fe''0.16Mg0.90Fe'''0.04Ti0.02Al0.20Si1.87O6 51.0875 0.61202 4.67033 1.32225 0 5.32782 0 16.3931 0 0 20.3743 0.212665 0 0 0
plagioclase1 11.062733 -152551.105368 26.971662 4.160302 13.620961 K0.00Na0.28Ca0.72Al1.72Si2.28O8 50.1238 0 31.9787 0 0 0 0 0 0 0 14.6871 3.19947 0.0109383 0 0
index 14 Pressure 1000.00 Temperature 1175.90 SiO2 TiO2 Al2O3 Fe2O3 Cr2O3 FeO MnO MgO NiO CoO CaO Na2O K2O P2O5 H2O
liquid1 77.916290 -943232.507012 210.023147 29.276249 113.691505 2.427 50.2792 1.59282 15.2076 1.21888 0 9.59131 0 6.94291 0 0 10.5349 4.01954 0.100991 0.132318 0.379558
olivine1 1.020663 -12346.089155 2.449526 0.309449 1.258887 (Ca0.01Mg0.82Fe''0.18Mn0.00Co0.00Ni0.00)2SiO4 39.3806 0 0 0 0 17.4196 0 42.7054 0 0 0.494401 0 0 0 0
clinopyroxene1 9.948687 -128000.664951 23.246893 3.084571 11.844842     Na0.02Ca0.80Fe''0.16Mg0.90Fe'''0.04Ti0.02Al0.20Si1.87O6 51.0856 0.613125 4.6706 1.32237 0 5.332 0 16.3909 0 0 20.3726 0.212794 0 0 0
plagioclase1 11.114360 -153263.846334 27.097032 4.179775 13.684444 K0.00Na0.28Ca0.72Al1.72Si2.28O8 50.1292 0 31.9751 0 0 0 0 0 0 0 14.6828 3.20199 0.0109575 0 0
index 15 Pressure 1000.00 Temperature 1175.80 SiO2 TiO2 Al2O3 Fe2O3 Cr2O3 FeO MnO MgO NiO CoO CaO Na2O K2O P2O5 H2O
liquid1 77.810718 -941892.222121 209.735604 29.236661 113.530822 2.427 50.2799 1.5945 15.205 1.21979 0 9.5982 0 6.93768 0 0 10.5289 4.02238 0.101118 0.132497 0.380073
olivine1 1.031582 -12476.646689 2.475588 0.312739 1.272270 (Ca0.01Mg0.81Fe''0.19Mn0.00Co0.00Ni0.00)2SiO4 39.3779 0 0 0 0 17.4339 0 42.6939 0 0 0.494266 0 0 0 0
clinopyroxene1 9.991812 -128551.853116 23.346789 3.097868 11.895915     Na0.02Ca0.80Fe''0.16Mg0.90Fe'''0.04Ti0.02Al0.20Si1.87O6 51.0837 0.61423 4.67088 1.32249 0 5.33618 0 16.3887 0 0 20.3709 0.212923 0 0 0
plagioclase1 11.165888 -153975.219760 27.222154 4.199212 13.747804 K0.00Na0.28Ca0.72Al1.72Si2.28O8 50.1347 0 31.9714 0 0 0 0 0 0 0 14.6785 3.2045 0.0109767 0 0
index 16 Pressure 1000.00 Temperature 1175.70 SiO2 TiO2 Al2O3 Fe2O3 Cr2O3 FeO MnO MgO NiO CoO CaO Na2O K2O P2O5 H2O
liquid1 77.705366 -940554.806148 209.448661 29.197154 113.370484 2.428 50.2806 1.59617 15.2023 1.22069 0 9.60508 0 6.93246 0 0 10.523 4.02521 0.101245 0.132677 0.380588
olivine1 1.042480 -12606.916936 2.501598 0.316023 1.285625 (Ca0.01Mg0.81Fe''0.19Mn0.00Co0.00Ni0.00)2SiO4 39.3752 0 0 0 0 17.4482 0 42.6824 0 0 0.494131 0 0 0 0
clinopyroxene1 10.034838 -129101.733530 23.446445 3.111134 11.946867     Na0.02Ca0.80Fe''0.16Mg0.90Fe'''0.04Ti0.02Al0.20Si1.87O6 51.0818 0.615337 4.67115 1.32261 0 5.34035 0 16.3866 0 0 20.3692 0.213052 0 0 0
plagioclase1 11.217316 -154685.230063 27.347028 4.218612 13.811040 K0.00Na0.28Ca0.72Al1.72Si2.28O8 50.1401 0 31.9677 0 0 0 0 0 0 0 14.6742 3.207 0.0109959 0 0
index 17 Pressure 1000.00 Temperature 1175.60 SiO2 TiO2 Al2O3 Fe2O3 Cr2O3 FeO MnO MgO NiO CoO CaO Na2O K2O P2O5 H2O
liquid1 77.600232 -939220.249087 209.162315 29.157730 113.210491 2.428 50.2812 1.59785 15.1997 1.2216 0 9.61195 0 6.92725 0 0 10.517 4.02805 0.101372 0.132857 0.381104
olivine1 1.053357 -12736.901131 2.527553 0.319300 1.298953 (Ca0.01Mg0.81Fe''0.19Mn0.00Co0.00Ni0.00)2SiO4 39.3726 0 0 0 0 17.4625 0 42.6709 0 0 0.493997 0 0 0 0
clinopyroxene1 10.077765 -129650.310886 23.545862 3.124368 11.997699     Na0.02Ca0.80Fe''0.16Mg0.89Fe'''0.04Ti0.02Al0.20Si1.87O6 51.0799 0.616446 4.67143 1.32274 0 5.34452 0 16.3844 0 0 20.3674 0.213181 0 0 0
plagioclase1 11.268645 -155393.881644 27.471656 4.237975 13.874154 K0.00Na0.28Ca0.72Al1.72Si2.28O8 50.1456 0 31.964 0 0 0 0 0 0 0 14.6699 3.20951 0.0110152 0 0
index 18 Pressure 1000.00 Temperature 1175.50 SiO2 TiO2 Al2O3 Fe2O3 Cr2O3 FeO MnO MgO NiO CoO CaO Na2O K2O P2O5 H2O
liquid1 77.495317 -937888.540980 208.876565 29.118387 113.050841 2.429 50.2819 1.59953 15.1971 1.22251 0 9.61883 0 6.92204 0 0 10.5111 4.03088 0.101499 0.133037 0.38162
olivine1 1.064214 -12866.600504 2.553456 0.322570 1.312253 (Ca0.01Mg0.81Fe''0.19Mn0.00Co0.00Ni0.00)2SiO4 39.3699 0 0 0 0 17.4769 0 42.6594 0 0 0.493863 0 0 0 0
clinopyroxene1 10.120594 -130197.589852 23.645042 3.137572 12.048411     Na0.02Ca0.80Fe''0.16Mg0.89Fe'''0.04Ti0.02Al0.20Si1.87O6 51.0779 0.617556 4.67172 1.32286 0 5.34869 0 16.3822 0 0 20.3657 0.21331 0 0 0
plagioclase1 11.319876 -156101.178877 27.596038 4.257301 13.937145 K0.00Na0.28Ca0.72Al1.72Si2.28O8 50.151 0 31.9604 0 0 0 0 0 0 0 14.6656 3.21202 0.0110344 0 0
index 19 Pressure 1000.00 Temperature 1175.40 SiO2 TiO2 Al2O3 Fe2O3 Cr2O3 FeO MnO MgO NiO CoO CaO Na2O K2O P2O5 H2O
liquid1 77.390619 -936559.671915 208.591409 29.079126 112.891533 2.429 50.2826 1.60121 15.1944 1.22341 0 9.62569 0 6.91683 0 0 10.5052 4.0337 0.101626 0.133217 0.382136
olivine1 1.075049 -12996.016280 2.579306 0.325834 1.325526 (Ca0.01Mg0.81Fe''0.19Mn0.00Co0.00Ni0.00)2SiO4 39.3672 0 0 0 0 17.4912 0 42.6479 0 0 0.493729 0 0 0 0
clinopyroxene1 10.163324 -130743.575076 23.743984 3.150744 12.099003     Na0.02Ca0.80Fe''0.16Mg0.89Fe'''0.04Ti0.02Al0.20Si1.87O6 51.076 0.618667 4.672 1.32299 0 5.35286 0 16.38 0 0 20.3641 0.21344 0 0 0
plagioclase1 11.371007 -156807.126120 27.720176 4.276591 14.000015 K0.00Na0.28Ca0.72Al1.72Si2.28O8 50.1565 0 31.9567 0 0 0 0 0 0 0 14.6613 3.21452 0.0110537 0 0
index 20 Pressure 1000.00 Temperature 1175.30 SiO2 TiO2 Al2O3 Fe2O3 Cr2O3 FeO MnO MgO NiO CoO CaO Na2O K2O P2O5 H2O
liquid1 77.286138 -935233.632032 208.306844 29.039946 112.732565 2.430 50.2832 1.60288 15.1918 1.22432 0 9.63255 0 6.91163 0 0 10.4992 4.03653 0.101754 0.133397 0.382653
olivine1 1.085864 -13125.149676 2.605103 0.329091 1.338771 (Ca0.01Mg0.81Fe''0.19Mn0.00Co0.00Ni0.00)2SiO4 39.3646 0 0 0 0 17.5055 0 42.6363 0 0 0.493595 0 0 0 0
clinopyroxene1 10.205957 -131288.271184 23.842690 3.163885 12.149477     Na0.02Ca0.80Fe''0.16Mg0.89Fe'''0.04Ti0.02Al0.20Si1.87O6 51.0741 0.61978 4.67229 1.32311 0 5.35703 0 16.3778 0 0 20.3624 0.213569 0 0 0
plagioclase1 11.422041 -157511.727705 27.844068 4.295845 14.062762 K0.00Na0.28Ca0.72Al1.72Si2.28O8 50.1619 0 31.953 0 0 0 0 0 0 0 14.657 3.21703 0.011073 0 0
index 21 Pressure 1000.00 Temperature 1175.20 SiO2 TiO2 Al2O3 Fe2O3 Cr2O3 FeO MnO MgO NiO CoO CaO Na2O K2O P2O5 H2O
liquid1 77.181873 -933910.411512 208.022868 29.000846 112.573937 2.430 50.2839 1.60456 15.1892 1.22523 0 9.63941 0 6.90644 0 0 10.4933 4.03935 0.101881 0.133577 0.38317
olivine1 1.096658 -13254.001906 2.630847 0.332341 1.351990 (Ca0.01Mg0.81Fe''0.19Mn0.00Co0.00Ni0.00)2SiO4 39.3619 0 0 0 0 17.5198 0 42.6248 0 0 0.493461 0 0 0 0
clinopyroxene1 10.248492 -131831.682777 23.941160 3.176996 12.199832     Na0.02Ca0.80Fe''0.16Mg0.89Fe'''0.04Ti0.02Al0.20Si1.87O6 51.0721 0.620894 4.67258 1.32324 0 5.36119 0 16.3756 0 0 20.3607 0.213698 0 0 0
plagioclase1 11.472977 -158214.987947 27.967718 4.315062 14.125389 K0.00Na0.28Ca0.72Al1.72Si2.28O8 50.1673 0 31.9494 0 0 0 0 0 0 0 14.6527 3.21953 0.0110924 0 0
index 22 Pressure 1000.00 Temperature 1175.10 SiO2 TiO2 Al2O3 Fe2O3 Cr2O3 FeO MnO MgO NiO CoO CaO Na2O K2O P2O5 H2O
liquid1 77.077823 -932590.000586 207.739480 28.961827 112.415647 2.430 50.2846 1.60623 15.1865 1.22614 0 9.64626 0 6.90124 0 0 10.4874 4.04217 0.102008 0.133757 0.383687
olivine1 1.107431 -13382.574180 2.656539 0.335584 1.365181 (Ca0.01Mg0.81Fe''0.19Mn0.00Co0.00Ni0.00)2SiO4 39.3592 0 0 0 0 17.5341 0 42.6133 0 0 0.493327 0 0 0 0
clinopyroxene1 10.290930 -132373.814436 24.039396 3.190075 12.250069     Na0.02Ca0.80Fe''0.16Mg0.89Fe'''0.04Ti0.02Al0.20Si1.87O6 51.0702 0.622009 4.67287 1.32337 0 5.36536 0 16.3734 0 0 20.359 0.213827 0 0 0
plagioclase1 11.523815 -158916.911140 28.091124 4.334243 14.187894 K0.00Na0.28Ca0.71Al1.71Si2.29O8 50.1728 0 31.9457 0 0 0 0 0 0 0 14.6484 3.22203 0.0111117 0 0
index 23 Pressure 1000.00 Temperature 1175.00 SiO2 TiO2 Al2O3 Fe2O3 Cr2O3 FeO MnO MgO NiO CoO CaO Na2O K2O P2O5 H2O
liquid1 76.973987 -931272.389530 207.456678 28.922889 112.257694 2.431 50.2852 1.60791 15.1839 1.22705 0 9.65311 0 6.89606 0 0 10.4815 4.04499 0.102136 0.133938 0.384205
olivine1 1.118185 -13510.867698 2.682179 0.338821 1.378345 (Ca0.01Mg0.81Fe''0.19Mn0.00Co0.00Ni0.00)2SiO4 39.3566 0 0 0 0 17.5484 0 42.6018 0 0 0.493194 0 0 0 0
clinopyroxene1 10.333272 -132914.670721 24.137398 3.203124 12.300188     Na0.02Ca0.80Fe''0.16Mg0.89Fe'''0.04Ti0.02Al0.20Si1.87O6 51.0682 0.623126 4.67317 1.32349 0 5.36952 0 16.3712 0 0 20.3573 0.213957 0 0 0
plagioclase1 11.574557 -159617.501554 28.214289 4.353388 14.250279 K0.00Na0.28Ca0.71Al1.71Si2.29O8 50.1782 0 31.942 0 0 0 0 0 0 0 14.6441 3.22453 0.0111311 0 0
index 24 Pressure 1000.00 Temperature 1174.90 SiO2 TiO2 Al2O3 Fe2O3 Cr2O3 FeO MnO MgO NiO CoO CaO Na2O K2O P2O5 H2O
liquid1 76.870365 -929957.568670 207.174458 28.884030 112.100077 2.431 50.2858 1.60958 15.1813 1.22795 0 9.65994 0 6.89087 0 0 10.4756 4.04781 0.102263 0.134118 0.384723
olivine1 1.128917 -13638.883658 2.707768 0.342051 1.391482 (Ca0.01Mg0.81Fe''0.19Mn0.00Co0.00Ni0.00)2SiO4 39.3539 0 0 0 0 17.5628 0 42.5903 0 0 0.493061 0 0 0 0
clinopyroxene1 10.375516 -133454.256168 24.235167 3.216143 12.350190     Na0.02Ca0.80Fe''0.16Mg0.89Fe'''0.04Ti0.02Al0.20Si1.87O6 51.0663 0.624244 4.67346 1.32362 0 5.37367 0 16.369 0 0 20.3556 0.214086 0 0 0
plagioclase1 11.625201 -160316.763440 28.337213 4.372497 14.312544 K0.00Na0.28Ca0.71Al1.71Si2.29O8 50.1836 0 31.9384 0 0 0 0 0 0 0 14.6398 3.22703 0.0111505 0 0
index 25 Pressure 1000.00 Temperature 1174.80 SiO2 TiO2 Al2O3 Fe2O3 Cr2O3 FeO MnO MgO NiO CoO CaO Na2O K2O P2O5 H2O
liquid1 76.766956 -928645.528374 206.892820 28.845251 111.942795 2.432 50.2865 1.61126 15.1786 1.22886 0 9.66678 0 6.8857 0 0 10.4697 4.05062 0.10239 0.134299 0.385241
olivine1 1.139630 -13766.623252 2.733305 0.345275 1.404593 (Ca0.01Mg0.81Fe''0.19Mn0.00Co0.00Ni0.00)2SiO4 39.3512 0 0 0 0 17.5771 0 42.5788 0 0 0.492927 0 0 0 0
clinopyroxene1 10.417665 -133992.575293 24.332704 3.229131 12.400075     Na0.02Ca0.80Fe''0.16Mg0.89Fe'''0.04Ti0.02Al0.20Si1.87O6 51.0643 0.625364 4.67376 1.32375 0 5.37783 0 16.3668 0 0 20.354 0.214216 0 0 0
plagioclase1 11.675749 -161014.701030 28.459896 4.391570 14.374690 K0.00Na0.29Ca0.71Al1.71Si2.29O8 50.1891 0 31.9347 0 0 0 0 0 0 0 14.6355 3.22953 0.0111699 0 0
index 26 Pressure 1000.00 Temperature 1174.70 SiO2 TiO2 Al2O3 Fe2O3 Cr2O3 FeO MnO MgO NiO CoO CaO Na2O K2O P2O5 H2O
liquid1 76.663760 -927336.259056 206.611762 28.806552 111.785847 2.432 50.2871 1.61293 15.176 1.22977 0 9.67361 0 6.88052 0 0 10.4638 4.05343 0.102518 0.13448 0.385759
olivine1 1.150322 -13894.087667 2.758790 0.348492 1.417677 (Ca0.01Mg0.81Fe''0.19Mn0.00Co0.00Ni0.00)2SiO4 39.3486 0 0 0 0 17.5914 0 42.5672 0 0 0.492794 0 0 0 0
clinopyroxene1 10.459718 -134529.632592 24.430009 3.242088 12.449844     Na0.02Ca0.80Fe''0.16Mg0.89Fe'''0.04Ti0.02Al0.20Si1.87O6 51.0624 0.626485 4.67406 1.32388 0 5.38198 0 16.3646 0 0 20.3523 0.214345 0 0 0
plagioclase1 11.726200 -161711.318534 28.582339 4.410607 14.436716 K0.00Na0.29Ca0.71Al1.71Si2.29O8 50.1945 0 31.9311 0 0 0 0 0 0 0 14.6313 3.23203 0.0111893 0 0
index 27 Pressure 1000.00 Temperature 1174.60 SiO2 TiO2 Al2O3 Fe2O3 Cr2O3 FeO MnO MgO NiO CoO CaO Na2O K2O P2O5 H2O
liquid1 76.560774 -926029.751178 206.331280 28.767932 111.629231 2.433 50.2878 1.6146 15.1734 1.23069 0 9.68043 0 6.87536 0 0 10.458 4.05624 0.102646 0.134661 0.386278
olivine1 1.160995 -14021.278083 2.784225 0.351703 1.430734 (Ca0.01Mg0.81Fe''0.19Mn0.00Co0.00Ni0.00)2SiO4 39.3459 0 0 0 0 17.6057 0 42.5557 0 0 0.492661 0 0 0 0
clinopyroxene1 10.501676 -135065.432537 24.527084 3.255016 12.499496     Na0.02Ca0.80Fe''0.17Mg0.89Fe'''0.04Ti0.02Al0.20Si1.87O6 51.0604 0.627607 4.67437 1.32401 0 5.38614 0 16.3624 0 0 20.3506 0.214475 0 0 0
plagioclase1 11.776555 -162406.620141 28.704544 4.429609 14.498623 K0.00Na0.29Ca0.71Al1.71Si2.29O8 50.1999 0 31.9274 0 0 0 0 0 0 0 14.627 3.23453 0.0112087 0 0
index 28 Pressure 1000.00 Temperature 1174.50 SiO2 TiO2 Al2O3 Fe2O3 Cr2O3 FeO MnO MgO NiO CoO CaO Na2O K2O P2O5 H2O
liquid1 76.458000 -924725.995245 206.051374 28.729390 111.472946 2.433 50.2884 1.61627 15.1707 1.2316 0 9.68725 0 6.87019 0 0 10.4521 4.05904 0.102773 0.134842 0.386797
olivine1 1.171647 -14148.195677 2.809608 0.354907 1.443765 (Ca0.01Mg0.81Fe''0.19Mn0.00Co0.00Ni0.00)2SiO4 39.3432 0 0 0 0 17.62 0 42.5442 0 0 0.492528 0 0 0 0
clinopyroxene1 10.543538 -135599.979579 24.623929 3.267913 12.549033     Na0.02Ca0.80Fe''0.17Mg0.89Fe'''0.04Ti0.02Al0.20Si1.87O6 51.0585 0.628731 4.67467 1.32415 0 5.39029 0 16.3601 0 0 20.3489 0.214604 0 0 0
plagioclase1 11.826815 -163100.610021 28.826510 4.448575 14.560411 K0.00Na0.29Ca0.71Al1.71Si2.29O8 50.2053 0 31.9237 0 0 0 0 0 0 0 14.6227 3.23702 0.0112282 0 0
index 29 Pressure 1000.00 Temperature 1174.40 SiO2 TiO2 Al2O3 Fe2O3 Cr2O3 FeO MnO MgO NiO CoO CaO Na2O K2O P2O5 H2O
liquid1 76.355435 -923424.981806 205.772042 28.690927 111.316991 2.434 50.289 1.61794 15.1681 1.23251 0 9.69407 0 6.86503 0 0 10.4462 4.06184 0.102901 0.135023 0.387317
olivine1 1.182279 -14274.841620 2.834941 0.358105 1.456770 (Ca0.01Mg0.81Fe''0.19Mn0.00Co0.00Ni0.00)2SiO4 39.3406 0 0 0 0 17.6344 0 42.5327 0 0 0.492395 0 0 0 0
clinopyroxene1 10.585306 -136133.278151 24.720546 3.280781 12.598454     Na0.02Ca0.80Fe''0.17Mg0.89Fe'''0.04Ti0.02Al0.20Si1.87O6 51.0565 0.629856 4.67498 1.32428 0 5.39444 0 16.3579 0 0 20.3473 0.214734 0 0 0
plagioclase1 11.876979 -163793.292325 28.948239 4.467506 14.622081 K0.00Na0.29Ca0.71Al1.71Si2.29O8 50.2107 0 31.9201 0 0 0 0 0 0 0 14.6184 3.23951 0.0112477 0 0
index 30 Pressure 1000.00 Temperature 1174.30 SiO2 TiO2 Al2O3 Fe2O3 Cr2O3 FeO MnO MgO NiO CoO CaO Na2O K2O P2O5 H2O
liquid1 76.253080 -922126.701456 205.493281 28.652543 111.161366 2.434 50.2897 1.61962 15.1655 1.23342 0 9.70087 0 6.85988 0 0 10.4404 4.06464 0.103028 0.135204 0.387837
olivine1 1.192892 -14401.217077 2.860223 0.361297 1.469749 (Ca0.01Mg0.81Fe''0.19Mn0.00Co0.00Ni0.00)2SiO4 39.3379 0 0 0 0 17.6487 0 42.5212 0 0 0.492263 0 0 0 0
clinopyroxene1 10.626980 -136665.332661 24.816934 3.293618 12.647761     Na0.02Ca0.80Fe''0.17Mg0.89Fe'''0.04Ti0.02Al0.20Si1.87O6 51.0545 0.630983 4.67529 1.32441 0 5.39858 0 16.3557 0 0 20.3456 0.214863 0 0 0
plagioclase1 11.927049 -164484.671182 29.069731 4.486402 14.683634 K0.00Na0.29Ca0.71Al1.71Si2.29O8 50.2161 0 31.9164 0 0 0 0 0 0 0 14.6141 3.24201 0.0112672 0 0
index 31 Pressure 1000.00 Temperature 1174.20 SiO2 TiO2 Al2O3 Fe2O3 Cr2O3 FeO MnO MgO NiO CoO CaO Na2O K2O P2O5 H2O
liquid1 76.150933 -920831.144838 205.215089 28.614237 111.006068 2.434 50.2903 1.62129 15.1629 1.23433 0 9.70768 0 6.85473 0 0 10.4345 4.06744 0.103156 0.135385 0.388357
olivine1 1.203485 -14527.323209 2.885455 0.364482 1.482702 (Ca0.01Mg0.81Fe''0.19Mn0.00Co0.00Ni0.00)2SiO4 39.3352 0 0 0 0 17.663 0 42.5096 0 0 0.49213 0 0 0 0
clinopyroxene1 10.668559 -137196.147499 24.913095 3.306426 12.696953     Na0.02Ca0.80Fe''0.17Mg0.89Fe'''0.04Ti0.02Al0.20Si1.87O6 51.0526 0.632111 4.67561 1.32455 0 5.40273 0 16.3535 0 0 20.344 0.214993 0 0 0
plagioclase1 11.977023 -165174.750702 29.190988 4.505262 14.745069 K0.00Na0.29Ca0.71Al1.71Si2.29O8 50.2215 0 31.9128 0 0 0 0 0 0 0 14.6099 3.2445 0.0112867 0 0
index 32 Pressure 1000.00 Temperature 1174.10 SiO2 TiO2 Al2O3 Fe2O3 Cr2O3 FeO MnO MgO NiO CoO CaO Na2O K2O P2O5 H2O
liquid1 76.048994 -919538.302631 204.937465 28.576008 110.851097 2.435 50.2909 1.62295 15.1602 1.23525 0 9.71447 0 6.84958 0 0 10.4286 4.07024 0.103284 0.135567 0.388878
olivine1 1.214058 -14653.161172 2.910638 0.367660 1.495628 (Ca0.01Mg0.81Fe''0.19Mn0.00Co0.00Ni0.00)2SiO4 39.3326 0 0 0 0 17.6773 0 42.4981 0 0 0.491998 0 0 0 0
clinopyroxene1 10.710044 -137725.727034 25.009029 3.319204 12.746032     Na0.02Ca0.80Fe''0.17Mg0.89Fe'''0.04Ti0.02Al0.20Si1.87O6 51.0506 0.633241 4.67592 1.32468 0 5.40687 0 16.3513 0 0 20.3423 0.215122 0 0 0
plagioclase1 12.026903 -165863.534976 29.312009 4.524088 14.806387 K0.00Na0.29Ca0.71Al1.71Si2.29O8 50.227 0 31.9091 0 0 0 0 0 0 0 14.6056 3.24699 0.0113063 0 0
index 33 Pressure 1000.00 Temperature 1174.00 SiO2 TiO2 Al2O3 Fe2O3 Cr2O3 FeO MnO MgO NiO CoO CaO Na2O K2O P2O5 H2O
liquid1 75.947262 -918248.165562 204.660406 28.537857 110.696451 2.435 50.2915 1.62462 15.1576 1.23616 0 9.72127 0 6.84444 0 0 10.4228 4.07303 0.103412 0.135748 0.389399
olivine1 1.224612 -14778.732116 2.935770 0.370833 1.508529 (Ca0.01Mg0.81Fe''0.19Mn0.00Co0.00Ni0.00)2SiO4 39.3299 0 0 0 0 17.6916 0 42.4866 0 0 0.491866 0 0 0 0
clinopyroxene1 10.751437 -138254.075612 25.104737 3.331952 12.794996     Na0.02Ca0.80Fe''0.17Mg0.89Fe'''0.04Ti0.02Al0.20Si1.87O6 51.0486 0.634372 4.67624 1.32482 0 5.41101 0 16.349 0 0 20.3407 0.215252 0 0 0
plagioclase1 12.076689 -166551.028077 29.432796 4.542878 14.867588 K0.00Na0.29Ca0.71Al1.71Si2.29O8 50.2324 0 31.9055 0 0 0 0 0 0 0 14.6013 3.24947 0.0113258 0 0
index 34 Pressure 1000.00 Temperature 1173.90 SiO2 TiO2 Al2O3 Fe2O3 Cr2O3 FeO MnO MgO NiO CoO CaO Na2O K2O P2O5 H2O
liquid1 75.845737 -916960.724407 204.383912 28.499784 110.542130 2.436 50.2921 1.62629 15.155 1.23707 0 9.72805 0 6.83931 0 0 10.417 4.07582 0.10354 0.13593 0.38992
olivine1 1.235146 -14904.037184 2.960853 0.373999 1.521405 (Ca0.01Mg0.81Fe''0.19Mn0.00Co0.00Ni0.00)2SiO4 39.3272 0 0 0 0 17.706 0 42.4751 0 0 0.491734 0 0 0 0
clinopyroxene1 10.792736 -138781.197563 25.200221 3.344671 12.843847     Na0.02Ca0.80Fe''0.17Mg0.89Fe'''0.04Ti0.02Al0.20Si1.87O6 51.0466 0.635504 4.67656 1.32496 0 5.41515 0 16.3468 0 0 20.339 0.215382 0 0 0
plagioclase1 12.126381 -167237.234050 29.553349 4.561634 14.928673 K0.00Na0.29Ca0.71Al1.71Si2.29O8 50.2378 0 31.9019 0 0 0 0 0 0 0 14.5971 3.25196 0.0113454 0 0
index 35 Pressure 1000.00 Temperature 1173.80 SiO2 TiO2 Al2O3 Fe2O3 Cr2O3 FeO MnO MgO NiO CoO CaO Na2O K2O P2O5 H2O
liquid1 75.744417 -915675.969974 204.107978 28.461787 110.388133 2.436 50.2927 1.62796 15.1524 1.23799 0 9.73483 0 6.83418 0 0 10.4111 4.07861 0.103668 0.136112 0.390441
olivine1 1.245661 -15029.077519 2.985886 0.377159 1.534254 (Ca0.01Mg0.81Fe''0.19Mn0.00Co0.00Ni0.00)2SiO4 39.3245 0 0 0 0 17.7203 0 42.4636 0 0 0.491602 0 0 0 0
clinopyroxene1 10.833942 -139307.097193 25.295480 3.357361 12.892586     Na0.02Ca0.80Fe''0.17Mg0.89Fe'''0.04Ti0.02Al0.20Si1.87O6 51.0446 0.636638 4.67689 1.3251 0 5.41928 0 16.3445 0 0 20.3374 0.215512 0 0 0
plagioclase1 12.175979 -167922.156934 29.673669 4.580354 14.989641 K0.00Na0.29Ca0.71Al1.71Si2.29O8 50.2432 0 31.8982 0 0 0 0 0 0 0 14.5928 3.25445 0.011365 0 0
index 36 Pressure 1000.00 Temperature 1173.70 SiO2 TiO2 Al2O3 Fe2O3 Cr2O3 FeO MnO MgO NiO CoO CaO Na2O K2O P2O5 H2O
liquid1 75.643303 -914393.893120 203.832605 28.423867 110.234457 2.437 50.2933 1.62963 15.1497 1.2389 0 9.74161 0 6.82905 0 0 10.4053 4.08139 0.103796 0.136294 0.390963
olivine1 1.256157 -15153.854256 3.010871 0.380312 1.547079 (Ca0.01Mg0.81Fe''0.19Mn0.00Co0.00Ni0.00)2SiO4 39.3219 0 0 0 0 17.7346 0 42.4521 0 0 0.49147 0 0 0 0
clinopyroxene1 10.875056 -139831.778790 25.390516 3.370021 12.941212     Na0.02Ca0.80Fe''0.17Mg0.89Fe'''0.04Ti0.02Al0.20Si1.87O6 51.0427 0.637773 4.67721 1.32523 0 5.42342 0 16.3423 0 0 20.3357 0.215641 0 0 0
plagioclase1 12.225484 -168605.800739 29.793756 4.599041 15.050495 K0.00Na0.29Ca0.71Al1.71Si2.29O8 50.2486 0 31.8946 0 0 0 0 0 0 0 14.5885 3.25693 0.0113846 0 0
index 37 Pressure 1000.00 Temperature 1173.60 SiO2 TiO2 Al2O3 Fe2O3 Cr2O3 FeO MnO MgO NiO CoO CaO Na2O K2O P2O5 H2O
liquid1 75.542392 -913114.484751 203.557790 28.386024 110.081103 2.437 50.2939 1.63129 15.1471 1.23982 0 9.74838 0 6.82393 0 0 10.3995 4.08417 0.103924 0.136476 0.391486
olivine1 1.266634 -15278.368524 3.035806 0.383460 1.559878 (Ca0.01Mg0.81Fe''0.19Mn0.00Co0.00Ni0.00)2SiO4 39.3192 0 0 0 0 17.7489 0 42.4405 0 0 0.491338 0 0 0 0
clinopyroxene1 10.916078 -140355.246618 25.485330 3.382652 12.989726     Na0.02Ca0.80Fe''0.17Mg0.89Fe'''0.04Ti0.02Al0.20Si1.87O6 51.0407 0.63891 4.67754 1.32537 0 5.42755 0 16.3401 0 0 20.3341 0.215771 0 0 0
plagioclase1 12.274896 -169288.169459 29.913612 4.617692 15.111232 K0.00Na0.29Ca0.71Al1.71Si2.29O8 50.254 0 31.8909 0 0 0 0 0 0 0 14.5843 3.25942 0.0114043 0 0
index 38 Pressure 1000.00 Temperature 1173.50 SiO2 TiO2 Al2O3 Fe2O3 Cr2O3 FeO MnO MgO NiO CoO CaO Na2O K2O P2O5 H2O
liquid1 75.441685 -911837.735802 203.283530 28.348257 109.928068 2.438 50.2945 1.63296 15.1445 1.24073 0 9.75515 0 6.81881 0 0 10.3937 4.08695 0.104052 0.136658 0.392008
olivine1 1.277091 -15402.621450 3.060693 0.386601 1.572651 (Ca0.01Mg0.81Fe''0.19Mn0.00Co0.00Ni0.00)2SiO4 39.3165 0 0 0 0 17.7632 0 42.429 0 0 0.491207 0 0 0 0
clinopyroxene1 10.957008 -140877.504927 25.579921 3.395254 13.038128     Na0.02Ca0.80Fe''0.17Mg0.89Fe'''0.04Ti0.02Al0.20Si1.87O6 51.0387 0.640048 4.67787 1.32551 0 5.43168 0 16.3378 0 0 20.3325 0.215901 0 0 0
plagioclase1 12.324216 -169969.267069 30.033238 4.636310 15.171855 K0.00Na0.29Ca0.71Al1.71Si2.29O8 50.2593 0 31.8873 0 0 0 0 0 0 0 14.58 3.2619 0.0114239 0 0
index 39 Pressure 1000.00 Temperature 1173.40 SiO2 TiO2 Al2O3 Fe2O3 Cr2O3 FeO MnO MgO NiO CoO CaO Na2O K2O P2O5 H2O
liquid1 75.341182 -910563.637263 203.009825 28.310566 109.775353 2.438 50.2951 1.63462 15.1419 1.24165 0 9.76191 0 6.8137 0 0 10.3878 4.08973 0.10418 0.13684 0.392531
olivine1 1.287529 -15526.614153 3.085531 0.389736 1.585400 (Ca0.01Mg0.81Fe''0.19Mn0.00Co0.00Ni0.00)2SiO4 39.3139 0 0 0 0 17.7776 0 42.4175 0 0 0.491075 0 0 0 0
clinopyroxene1 10.997846 -141398.557944 25.674292 3.407827 13.086419     Na0.02Ca0.80Fe''0.17Mg0.89Fe'''0.04Ti0.02Al0.20Si1.87O6 51.0367 0.641187 4.6782 1.32566 0 5.43581 0 16.3356 0 0 20.3309 0.216031 0 0 0
plagioclase1 12.373443 -170649.097525 30.152633 4.654893 15.232364 K0.00Na0.29Ca0.71Al1.71Si2.29O8 50.2647 0 31.8837 0 0 0 0 0 0 0 14.5758 3.26438 0.0114436 0 0
index 40 Pressure 1000.00 Temperature 1173.30 SiO2 TiO2 Al2O3 Fe2O3 Cr2O3 FeO MnO MgO NiO CoO CaO Na2O K2O P2O5 H2O
liquid1 75.240880 -909292.180159 202.736672 28.272950 109.622956 2.438 50.2957 1.63629 15.1393 1.24256 0 9.76866 0 6.80859 0 0 10.382 4.0925 0.104308 0.137023 0.393054
olivine1 1.297949 -15650.347749 3.110321 0.392865 1.598123 (Ca0.01Mg0.81Fe''0.19Mn0.00Co0.00Ni0.00)2SiO4 39.3112 0 0 0 0 17.7919 0 42.406 0 0 0.490944 0 0 0 0
clinopyroxene1 11.038594 -141918.409874 25.768442 3.420371 13.134599     Na0.02Ca0.80Fe''0.17Mg0.89Fe'''0.04Ti0.02Al0.20Si1.87O6 51.0347 0.642328 4.67854 1.3258 0 5.43994 0 16.3333 0 0 20.3292 0.216161 0 0 0
plagioclase1 12.422577 -171327.664763 30.271798 4.673442 15.292758 K0.00Na0.29Ca0.71Al1.71Si2.29O8 50.2701 0 31.88 0 0 0 0 0 0 0 14.5715 3.26686 0.0114633 0 0
index 41 Pressure 1000.00 Temperature 1173.20 SiO2 TiO2 Al2O3 Fe2O3 Cr2O3 FeO MnO MgO NiO CoO CaO Na2O K2O P2O5 H2O
liquid1 75.140780 -908023.355557 202.464070 28.235410 109.470875 2.439 50.2963 1.63795 15.1367 1.24348 0 9.77541 0 6.80348 0 0 10.3762 4.09528 0.104436 0.137205 0.393578
olivine1 1.308350 -15773.823350 3.135063 0.395987 1.610822 (Ca0.01Mg0.81Fe''0.19Mn0.00Co0.00Ni0.00)2SiO4 39.3085 0 0 0 0 17.8062 0 42.3945 0 0 0.490813 0 0 0 0
clinopyroxene1 11.079250 -142437.064908 25.862373 3.432887 13.182668     Na0.02Ca0.80Fe''0.17Mg0.89Fe'''0.04Ti0.02Al0.20Si1.87O6 51.0327 0.643471 4.67888 1.32594 0 5.44406 0 16.3311 0 0 20.3276 0.216291 0 0 0
plagioclase1 12.471620 -172004.972704 30.390735 4.691956 15.353038 K0.00Na0.29Ca0.71Al1.71Si2.29O8 50.2755 0 31.8764 0 0 0 0 0 0 0 14.5673 3.26934 0.011483 0 0
index 42 Pressure 1000.00 Temperature 1173.10 SiO2 TiO2 Al2O3 Fe2O3 Cr2O3 FeO MnO MgO NiO CoO CaO Na2O K2O P2O5 H2O
liquid1 75.040881 -906757.154568 202.192016 28.197946 109.319110 2.439 50.2969 1.63961 15.134 1.2444 0 9.78216 0 6.79838 0 0 10.3704 4.09805 0.104564 0.137388 0.394102
olivine1 1.318731 -15897.042059 3.159757 0.399104 1.623496 (Ca0.01Mg0.81Fe''0.19Mn0.00Co0.00Ni0.00)2SiO4 39.3059 0 0 0 0 17.8205 0 42.3829 0 0 0.490682 0 0 0 0
clinopyroxene1 11.119817 -142954.527213 25.956085 3.445373 13.230627     Na0.02Ca0.80Fe''0.17Mg0.89Fe'''0.04Ti0.02Al0.20Si1.87O6 51.0307 0.644615 4.67922 1.32608 0 5.44818 0 16.3288 0 0 20.326 0.216421 0 0 0
plagioclase1 12.520572 -172681.025245 30.509444 4.710437 15.413205 K0.00Na0.29Ca0.71Al1.71Si2.29O8 50.2809 0 31.8728 0 0 0 0 0 0 0 14.563 3.27182 0.0115027 0 0
index 43 Pressure 1000.00 Temperature 1173.00 SiO2 TiO2 Al2O3 Fe2O3 Cr2O3 FeO MnO MgO NiO CoO CaO Na2O K2O P2O5 H2O
liquid1 74.941181 -905493.568344 201.920508 28.160556 109.167659 2.440 50.2975 1.64128 15.1314 1.24532 0 9.7889 0 6.79329 0 0 10.3646 4.10081 0.104693 0.137571 0.394626
olivine1 1.329095 -16020.004980 3.184404 0.402215 1.636145 (Ca0.01Mg0.81Fe''0.19Mn0.00Co0.00Ni0.00)2SiO4 39.3032 0 0 0 0 17.8348 0 42.3714 0 0 0.490551 0 0 0 0
clinopyroxene1 11.160292 -143470.800937 26.049578 3.457832 13.278477     Na0.02Ca0.80Fe''0.17Mg0.89Fe'''0.04Ti0.02Al0.20Si1.87O6 51.0287 0.64576 4.67956 1.32623 0 5.4523 0 16.3265 0 0 20.3244 0.216551 0 0 0
plagioclase1 12.569432 -173355.826270 30.627925 4.728884 15.473259 K0.00Na0.29Ca0.71Al1.71Si2.29O8 50.2863 0 31.8692 0 0 0 0 0 0 0 14.5588 3.27429 0.0115225 0 0
index 44 Pressure 1000.00 Temperature 1172.90 SiO2 TiO2 Al2O3 Fe2O3 Cr2O3 FeO MnO MgO NiO CoO CaO Na2O K2O P2O5 H2O
liquid1 74.841682 -904232.588075 201.649546 28.123241 109.016522 2.440 50.298 1.64294 15.1288 1.24623 0 9.79563 0 6.7882 0 0 10.3589 4.10358 0.104821 0.137754 0.395151
olivine1 1.339439 -16142.713208 3.209003 0.405319 1.648769 (Ca0.01Mg0.81Fe''0.19Mn0.00Co0.00Ni0.00)2SiO4 39.3005 0 0 0 0 17.8492 0 42.3599 0 0 0.49042 0 0 0 0
clinopyroxene1 11.200678 -143985.890212 26.142855 3.470261 13.326217     Na0.02Ca0.80Fe''0.17Mg0.89Fe'''0.04Ti0.02Al0.20Si1.87O6 51.0267 0.646907 4.6799 1.32637 0 5.45642 0 16.3243 0 0 20.3228 0.216681 0 0 0
plagioclase1 12.618201 -174029.379642 30.746180 4.747297 15.533200 K0.00Na0.29Ca0.71Al1.71Si2.29O8 50.2916 0 31.8655 0 0 0 0 0 0 0 14.5545 3.27677 0.0115423 0 0
index 45 Pressure 1000.00 Temperature 1172.80 SiO2 TiO2 Al2O3 Fe2O3 Cr2O3 FeO MnO MgO NiO CoO CaO Na2O K2O P2O5 H2O
liquid1 74.742381 -902974.204998 201.379127 28.086001 108.865698 2.441 50.2986 1.6446 15.1262 1.24715 0 9.80236 0 6.78311 0 0 10.3531 4.10634 0.104949 0.137937 0.395676
olivine1 1.349765 -16265.167834 3.233554 0.408418 1.661369 (Ca0.01Mg0.81Fe''0.19Mn0.00Co0.00Ni0.00)2SiO4 39.2979 0 0 0 0 17.8635 0 42.3484 0 0 0.490289 0 0 0 0
clinopyroxene1 11.240975 -144499.799146 26.235915 3.482663 13.373848     Na0.02Ca0.80Fe''0.17Mg0.89Fe'''0.04Ti0.02Al0.20Si1.87O6 51.0246 0.648055 4.68025 1.32652 0 5.46054 0 16.322 0 0 20.3212 0.216811 0 0 0
plagioclase1 12.666879 -174701.689204 30.864209 4.765677 15.593028 K0.00Na0.29Ca0.71Al1.71Si2.29O8 50.297 0 31.8619 0 0 0 0 0 0 0 14.5503 3.27924 0.0115621 0 0
index 46 Pressure 1000.00 Temperature 1172.70 SiO2 TiO2 Al2O3 Fe2O3 Cr2O3 FeO MnO MgO NiO CoO CaO Na2O K2O P2O5 H2O
liquid1 74.643278 -901718.410384 201.109248 28.048835 108.715185 2.441 50.2992 1.64626 15.1236 1.24807 0 9.80908 0 6.77803 0 0 10.3473 4.1091 0.105078 0.13812 0.396201
olivine1 1.360073 -16387.369947 3.258059 0.411510 1.673945 (Ca0.01Mg0.81Fe''0.19Mn0.00Co0.00Ni0.00)2SiO4 39.2952 0 0 0 0 17.8778 0 42.3369 0 0 0.490159 0 0 0 0
clinopyroxene1 11.281182 -145012.531833 26.328759 3.495036 13.421370     Na0.02Ca0.80Fe''0.17Mg0.89Fe'''0.04Ti0.02Al0.20Si1.87O6 51.0226 0.649205 4.6806 1.32667 0 5.46465 0 16.3198 0 0 20.3196 0.216941 0 0 0
plagioclase1 12.715467 -175372.758784 30.982013 4.784023 15.652745 K0.00Na0.29Ca0.71Al1.71Si2.29O8 50.3024 0 31.8583 0 0 0 0 0 0 0 14.546 3.28171 0.0115819 0 0
index 47 Pressure 1000.00 Temperature 1172.60 SiO2 TiO2 Al2O3 Fe2O3 Cr2O3 FeO MnO MgO NiO CoO CaO Na2O K2O P2O5 H2O
liquid1 74.544373 -900465.195547 200.839910 28.011742 108.564982 2.442 50.2997 1.64792 15.121 1.24899 0 9.8158 0 6.77295 0 0 10.3415 4.11186 0.105206 0.138303 0.396727
olivine1 1.370362 -16509.320627 3.282517 0.414597 1.686496 (Ca0.01Mg0.81Fe''0.19Mn0.00Co0.00Ni0.00)2SiO4 39.2925 0 0 0 0 17.8921 0 42.3253 0 0 0.490028 0 0 0 0
clinopyroxene1 11.321300 -145524.092344 26.421388 3.507381 13.468784     Na0.02Ca0.80Fe''0.17Mg0.89Fe'''0.04Ti0.02Al0.20Si1.87O6 51.0206 0.650356 4.68095 1.32682 0 5.46876 0 16.3175 0 0 20.318 0.217072 0 0 0
plagioclase1 12.763964 -176042.592193 31.099592 4.802335 15.712349 K0.00Na0.29Ca0.71Al1.71Si2.29O8 50.3077 0 31.8547 0 0 0 0 0 0 0 14.5418 3.28419 0.0116017 0 0
index 48 Pressure 1000.00 Temperature 1172.50 SiO2 TiO2 Al2O3 Fe2O3 Cr2O3 FeO MnO MgO NiO CoO CaO Na2O K2O P2O5 H2O
liquid1 74.445665 -899214.551843 200.571108 27.974724 108.415089 2.442 50.3003 1.64958 15.1183 1.24991 0 9.82252 0 6.76788 0 0 10.3358 4.11461 0.105335 0.138486 0.397253
olivine1 1.380633 -16631.020952 3.306929 0.417678 1.699024 (Ca0.01Mg0.81Fe''0.19Mn0.00Co0.00Ni0.00)2SiO4 39.2898 0 0 0 0 17.9064 0 42.3138 0 0 0.489898 0 0 0 0
clinopyroxene1 11.361330 -146034.484733 26.513803 3.519697 13.516090     Na0.02Ca0.80Fe''0.17Mg0.89Fe'''0.04Ti0.02Al0.20Si1.87O6 51.0186 0.651509 4.68131 1.32696 0 5.47287 0 16.3152 0 0 20.3164 0.217202 0 0 0
plagioclase1 12.812372 -176711.193217 31.216947 4.820614 15.771842 K0.00Na0.29Ca0.71Al1.71Si2.29O8 50.3131 0 31.851 0 0 0 0 0 0 0 14.5376 3.28666 0.0116216 0 0
index 49 Pressure 1000.00 Temperature 1172.40 SiO2 TiO2 Al2O3 Fe2O3 Cr2O3 FeO MnO MgO NiO CoO CaO Na2O K2O P2O5 H2O
liquid1 74.347153 -897966.470664 200.302843 27.937779 108.265503 2.442 50.3008 1.65124 15.1157 1.25083 0 9.82922 0 6.76281 0 0 10.33 4.11736 0.105463 0.13867 0.397779
olivine1 1.390886 -16752.471996 3.331293 0.420753 1.711527 (Ca0.01Mg0.81Fe''0.19Mn0.00Co0.00Ni0.00)2SiO4 39.2872 0 0 0 0 17.9208 0 42.3023 0 0 0.489768 0 0 0 0
clinopyroxene1 11.401271 -146543.713036 26.606004 3.531986 13.563289     Na0.02Ca0.80Fe''0.17Mg0.89Fe'''0.04Ti0.02Al0.20Si1.87O6 51.0165 0.652663 4.68166 1.32711 0 5.47698 0 16.3129 0 0 20.3148 0.217332 0 0 0
plagioclase1 12.860690 -177378.565635 31.334079 4.838860 15.831225 K0.00Na0.29Ca0.71Al1.71Si2.29O8 50.3185 0 31.8474 0 0 0 0 0 0 0 14.5333 3.28913 0.0116414 0 0
index 50 Pressure 1000.00 Temperature 1172.30 SiO2 TiO2 Al2O3 Fe2O3 Cr2O3 FeO MnO MgO NiO CoO CaO Na2O K2O P2O5 H2O
liquid1 74.248836 -896720.943445 200.035112 27.900907 108.116225 2.443 50.3014 1.6529 15.1131 1.25175 0 9.83593 0 6.75775 0 0 10.3243 4.12011 0.105592 0.138854 0.398306
olivine1 1.401121 -16873.674825 3.355612 0.423822 1.724006 (Ca0.01Mg0.81Fe''0.19Mn0.00Co0.00Ni0.00)2SiO4 39.2845 0 0 0 0 17.9351 0 42.2908 0 0 0.489638 0 0 0 0
clinopyroxene1 11.441124 -147051.781270 26.697993 3.544247 13.610380     Na0.02Ca0.80Fe''0.17Mg0.89Fe'''0.04Ti0.02Al0.20Si1.87O6 51.0145 0.653819 4.68202 1.32726 0 5.48109 0 16.3107 0 0 20.3132 0.217462 0 0 0
plagioclase1 12.908919 -178044.713199 31.450988 4.857072 15.890496 K0.00Na0.29Ca0.71Al1.71Si2.29O8 50.3238 0 31.8438 0 0 0 0 0 0 0 14.5291 3.29159 0.0116613 0 0
index 51 Pressure 1000.00 Temperature 1172.20 SiO2 TiO2 Al2O3 Fe2O3 Cr2O3 FeO MnO MgO NiO CoO CaO Na2O K2O P2O5 H2O
liquid1 74.150714 -895477.961660 199.767913 27.864108 107.967254 2.443 50.302 1.65455 15.1105 1.25267 0 9.84262 0 6.75269 0 0 10.3185 4.12286 0.105721 0.139037 0.398833
olivine1 1.411338 -16994.630505 3.379885 0.426885 1.736462 (Ca0.01Mg0.81Fe''0.19Mn0.00Co0.00Ni0.00)2SiO4 39.2818 0 0 0 0 17.9494 0 42.2792 0 0 0.489508 0 0 0 0
clinopyroxene1 11.480890 -147558.693430 26.789769 3.556480 13.657365     Na0.02Ca0.80Fe''0.17Mg0.89Fe'''0.04Ti0.02Al0.20Si1.87O6 51.0125 0.654976 4.68238 1.32742 0 5.48519 0 16.3084 0 0 20.3116 0.217593 0 0 0
plagioclase1 12.957059 -178709.639647 31.567676 4.875252 15.949657 K0.00Na0.29Ca0.71Al1.71Si2.29O8 50.3292 0 31.8402 0 0 0 0 0 0 0 14.5249 3.29406 0.0116812 0 0
index 52 Pressure 1000.00 Temperature 1172.10 SiO2 TiO2 Al2O3 Fe2O3 Cr2O3 FeO MnO MgO NiO CoO CaO Na2O K2O P2O5 H2O
liquid1 74.052786 -894237.516819 199.501244 27.827382 107.818587 2.444 50.3025 1.65621 15.1079 1.2536 0 9.84931 0 6.74764 0 0 10.3128 4.1256 0.105849 0.139221 0.399361
olivine1 1.421537 -17115.340094 3.404112 0.429942 1.748893 (Ca0.01Mg0.81Fe''0.19Mn0.00Co0.00Ni0.00)2SiO4 39.2792 0 0 0 0 17.9637 0 42.2677 0 0 0.489378 0 0 0 0
clinopyroxene1 11.520568 -148064.453500 26.881334 3.568686 13.704243     Na0.02Ca0.80Fe''0.17Mg0.89Fe'''0.04Ti0.02Al0.20Si1.87O6 51.0104 0.656134 4.68275 1.32757 0 5.4893 0 16.3061 0 0 20.31 0.217723 0 0 0
plagioclase1 13.005110 -179373.348700 31.684142 4.893398 16.008708 K0.00Na0.29Ca0.71Al1.71Si2.29O8 50.3345 0 31.8366 0 0 0 0 0 0 0 14.5206 3.29653 0.0117012 0 0
index 53 Pressure 1000.00 Temperature 1172.10 SiO2 TiO2 Al2O3 Fe2O3 Cr2O3 FeO MnO MgO NiO CoO CaO Na2O K2O P2O5 H2O
liquid1 78.742632 -952303.617797 212.284788 29.628271 114.634647 2.457 50.3868 1.64556 15.1811 1.10259 0 9.7814 0 6.68847 0 0 10.3348 4.23076 0.109558 0.139299 0.399582
olivine1 0.936166 -11266.432956 2.241663 0.283095 1.151512 (Ca0.01Mg0.81Fe''0.19Mn0.00Co0.00Ni0.00)2SiO4 39.2697 0 0 0 0 18.0097 0 42.2243 0 0 0.496231 0 0 0 0
clinopyroxene1 9.582422 -123265.840645 22.351941 2.969145 11.398525     Na0.02Ca0.80Fe''0.17Mg0.89Fe'''0.03Ti0.02Al0.20Si1.87O6 51.0413 0.666414 4.68573 1.24661 0 5.44078 0 16.2756 0 0 20.4256 0.217941 0 0 0
plagioclase1 10.738780 -148112.820019 26.164353 4.040905 13.219121 K0.00Na0.29Ca0.71Al1.71Si2.29O8 50.3554 0 31.8225 0 0 0 0 0 0 0 14.5042 3.30601 0.0119549 0 0
index 54 Pressure 1000.00 Temperature 1172.10 SiO2 TiO2 Al2O3 Fe2O3 Cr2O3 FeO MnO MgO NiO CoO CaO Na2O K2O P2O5 H2O
liquid1 78.742632 -952303.617797 212.284788 29.628271 114.634647 2.457 50.3868 1.64556 15.1811 1.10259 0 9.7814 0 6.68847 0 0 10.3348 4.23076 0.109558 0.139299 0.399582
olivine1 0.936166 -11266.432956 2.241663 0.283095 1.151512 (Ca0.01Mg0.81Fe''0.19Mn0.00Co0.00Ni0.00)2SiO4 39.2697 0 0 0 0 18.0097 0 42.2243 0 0 0.496231 0 0 0 0
clinopyroxene1 9.582422 -123265.840645 22.351941 2.969145 11.398525     Na0.02Ca0.80Fe''0.17Mg0.89Fe'''0.03Ti0.02Al0.20Si1.87O6 51.0413 0.666414 4.68573 1.24661 0 5.44078 0 16.2756 0 0 20.4256 0.217941 0 0 0
plagioclase1 10.738780 -148112.820019 26.164353 4.040905 13.219121 K0.00Na0.29Ca0.71Al1.71Si2.29O8 50.3554 0 31.8225 0 0 0 0 0 0 0 14.5042 3.30601 0.0119549 0 0
index 55 Pressure 1000.00 Temperature 1172.00 SiO2 TiO2 Al2O3 Fe2O3 Cr2O3 FeO MnO MgO NiO CoO CaO Na2O K2O P2O5 H2O
liquid1 78.641068 -951015.009837 212.008054 29.590170 114.480240 2.457 50.3876 1.64719 15.1786 1.10335 0 9.78808 0 6.68333 0 0 10.329 4.23365 0.109689 0.139478 0.400098
olivine1 0.946811 -11393.110208 2.267020 0.286296 1.164526 (Ca0.01Mg0.81Fe''0.19Mn0.00Co0.00Ni0.00)2SiO4 39.267 0 0 0 0 18.0243 0 42.2126 0 0 0.496106 0 0 0 0
clinopyroxene1 9.623451 -123790.151403 22.446786 2.981786 11.447058     Na0.02Ca0.80Fe''0.17Mg0.89Fe'''0.03Ti0.02Al0.20Si1.87O6 51.0393 0.667615 4.68614 1.24673 0 5.44486 0 16.2732 0 0 20.4241 0.218074 0 0 0
plagioclase1 10.788670 -148801.707428 26.285411 4.059734 13.280453 K0.00Na0.29Ca0.71Al1.71Si2.29O8 50.3608 0 31.8189 0 0 0 0 0 0 0 14.4999 3.30851 0.011975 0 0
index 56 Pressure 1000.00 Temperature 1171.90 SiO2 TiO2 Al2O3 Fe2O3 Cr2O3 FeO MnO MgO NiO CoO CaO Na2O K2O P2O5 H2O
liquid1 78.539705 -949729.023144 211.731868 29.552144 114.326148 2.458 50.3883 1.64882 15.176 1.10411 0 9.79476 0 6.6782 0 0 10.3232 4.23654 0.10982 0.139658 0.400615
olivine1 0.957437 -11519.532879 2.292330 0.289490 1.177516 (Ca0.01Mg0.81Fe''0.19Mn0.00Co0.00Ni0.00)2SiO4 39.2643 0 0 0 0 18.0389 0 42.2008 0 0 0.495981 0 0 0 0
clinopyroxene1 9.664390 -124313.265162 22.541411 2.994398 11.495479     Na0.02Ca0.80Fe''0.17Mg0.89Fe'''0.03Ti0.02Al0.20Si1.87O6 51.0371 0.668818 4.68656 1.24686 0 5.44893 0 16.2708 0 0 20.4227 0.218208 0 0 0
plagioclase1 10.838468 -149489.343774 26.406242 4.078530 13.341671 K0.00Na0.29Ca0.71Al1.71Si2.29O8 50.3662 0 31.8152 0 0 0 0 0 0 0 14.4956 3.311 0.0119951 0 0
index 57 Pressure 1000.00 Temperature 1171.80 SiO2 TiO2 Al2O3 Fe2O3 Cr2O3 FeO MnO MgO NiO CoO CaO Na2O K2O P2O5 H2O
liquid1 78.438541 -948445.648901 211.456227 29.514193 114.172371 2.458 50.389 1.65044 15.1734 1.10486 0 9.80143 0 6.67307 0 0 10.3174 4.23943 0.109951 0.139839 0.401131
olivine1 0.968045 -11645.702053 2.317592 0.292678 1.190482 (Ca0.01Mg0.81Fe''0.19Mn0.00Co0.00Ni0.00)2SiO4 39.2615 0 0 0 0 18.0536 0 42.189 0 0 0.495857 0 0 0 0
clinopyroxene1 9.705239 -124835.186069 22.635818 3.006982 11.543791     Na0.02Ca0.80Fe''0.17Mg0.89Fe'''0.03Ti0.02Al0.20Si1.87O6 51.035 0.670022 4.68697 1.24699 0 5.453 0 16.2684 0 0 20.4212 0.218342 0 0 0
plagioclase1 10.888175 -150175.732923 26.526846 4.097291 13.402777 K0.00Na0.29Ca0.71Al1.71Si2.29O8 50.3716 0 31.8115 0 0 0 0 0 0 0 14.4913 3.3135 0.0120153 0 0
index 58 Pressure 1000.00 Temperature 1171.70 SiO2 TiO2 Al2O3 Fe2O3 Cr2O3 FeO MnO MgO NiO CoO CaO Na2O K2O P2O5 H2O
liquid1 78.337577 -947164.878334 211.181131 29.476316 114.018906 2.459 50.3897 1.65207 15.1708 1.10562 0 9.80809 0 6.66795 0 0 10.3116 4.24232 0.110083 0.140019 0.401648
olivine1 0.978635 -11771.618811 2.342808 0.295861 1.203423 (Ca0.01Mg0.81Fe''0.19Mn0.00Co0.00Ni0.00)2SiO4 39.2588 0 0 0 0 18.0682 0 42.1773 0 0 0.495732 0 0 0 0
clinopyroxene1 9.745997 -125355.918251 22.730007 3.019537 11.591993     Na0.02Ca0.80Fe''0.17Mg0.89Fe'''0.03Ti0.02Al0.20Si1.87O6 51.0329 0.671228 4.68739 1.24711 0 5.45707 0 16.266 0 0 20.4197 0.218476 0 0 0
plagioclase1 10.937791 -150860.878724 26.647225 4.116019 13.463770 K0.00Na0.29Ca0.71Al1.71Si2.29O8 50.3771 0 31.8079 0 0 0 0 0 0 0 14.487 3.31599 0.0120354 0 0
index 59 Pressure 1000.00 Temperature 1171.60 SiO2 TiO2 Al2O3 Fe2O3 Cr2O3 FeO MnO MgO NiO CoO CaO Na2O K2O P2O5 H2O
liquid1 78.236811 -945886.702708 210.906576 29.438514 113.865754 2.459 50.3905 1.6537 15.1683 1.10638 0 9.81475 0 6.66283 0 0 10.3058 4.2452 0.110214 0.140199 0.402166
olivine1 0.989206 -11897.284226 2.367977 0.299037 1.216340 (Ca0.01Mg0.81Fe''0.19Mn0.00Co0.00Ni0.00)2SiO4 39.2561 0 0 0 0 18.0828 0 42.1655 0 0 0.495608 0 0 0 0
clinopyroxene1 9.786666 -125875.465818 22.823979 3.032064 11.640085     Na0.02Ca0.80Fe''0.17Mg0.89Fe'''0.03Ti0.02Al0.20Si1.87O6 51.0308 0.672436 4.68781 1.24724 0 5.46114 0 16.2636 0 0 20.4183 0.21861 0 0 0
plagioclase1 10.987317 -151544.785007 26.767378 4.134714 13.524651 K0.00Na0.29Ca0.71Al1.71Si2.29O8 50.3825 0 31.8042 0 0 0 0 0 0 0 14.4828 3.31849 0.0120556 0 0
index 60 Pressure 1000.00 Temperature 1171.50 SiO2 TiO2 Al2O3 Fe2O3 Cr2O3 FeO MnO MgO NiO CoO CaO Na2O K2O P2O5 H2O
liquid1 78.136243 -944611.113325 210.632562 29.400786 113.712913 2.460 50.3912 1.65533 15.1657 1.10714 0 9.82141 0 6.65772 0 0 10.3 4.24809 0.110345 0.14038 0.402683
olivine1 0.999759 -12022.699370 2.393099 0.302208 1.229233 (Ca0.01Mg0.81Fe''0.19Mn0.00Co0.00Ni0.00)2SiO4 39.2534 0 0 0 0 18.0974 0 42.1537 0 0 0.495484 0 0 0 0
clinopyroxene1 9.827245 -126393.832861 22.917735 3.044562 11.688069     Na0.02Ca0.80Fe''0.17Mg0.89Fe'''0.03Ti0.02Al0.20Si1.87O6 51.0287 0.673645 4.68824 1.24737 0 5.46521 0 16.2612 0 0 20.4168 0.218744 0 0 0
plagioclase1 11.036753 -152227.455585 26.887307 4.153375 13.585421 K0.00Na0.29Ca0.71Al1.71Si2.29O8 50.3879 0 31.8006 0 0 0 0 0 0 0 14.4785 3.32098 0.0120758 0 0
index 61 Pressure 1000.00 Temperature 1171.40 SiO2 TiO2 Al2O3 Fe2O3 Cr2O3 FeO MnO MgO NiO CoO CaO Na2O K2O P2O5 H2O
liquid1 78.035872 -943338.101533 210.359087 29.363132 113.560382 2.460 50.3919 1.65695 15.1631 1.1079 0 9.82806 0 6.65261 0 0 10.2943 4.25097 0.110477 0.14056 0.403201
olivine1 1.010295 -12147.865307 2.418176 0.305372 1.242102 (Ca0.01Mg0.81Fe''0.19Mn0.00Co0.00Ni0.00)2SiO4 39.2506 0 0 0 0 18.112 0 42.142 0 0 0.49536 0 0 0 0
clinopyroxene1 9.867735 -126911.023449 23.011275 3.057032 11.735943     Na0.02Ca0.80Fe''0.17Mg0.89Fe'''0.03Ti0.02Al0.20Si1.87O6 51.0266 0.674856 4.68866 1.2475 0 5.46927 0 16.2588 0 0 20.4154 0.218878 0 0 0
plagioclase1 11.086099 -152908.894253 27.007012 4.172002 13.646079 K0.00Na0.29Ca0.71Al1.71Si2.29O8 50.3933 0 31.7969 0 0 0 0 0 0 0 14.4742 3.32347 0.012096 0 0
index 62 Pressure 1000.00 Temperature 1171.30 SiO2 TiO2 Al2O3 Fe2O3 Cr2O3 FeO MnO MgO NiO CoO CaO Na2O K2O P2O5 H2O
liquid1 77.935697 -942067.658716 210.086148 29.325551 113.408160 2.461 50.3926 1.65858 15.1606 1.10867 0 9.8347 0 6.64751 0 0 10.2885 4.25384 0.110608 0.140741 0.40372
olivine1 1.020812 -12272.783100 2.443206 0.308531 1.254947 (Ca0.01Mg0.81Fe''0.19Mn0.00Co0.00Ni0.00)2SiO4 39.2479 0 0 0 0 18.1267 0 42.1302 0 0 0.495236 0 0 0 0
clinopyroxene1 9.908136 -127427.041637 23.104600 3.069474 11.783710     Na0.02Ca0.80Fe''0.17Mg0.89Fe'''0.03Ti0.02Al0.20Si1.87O6 51.0245 0.676069 4.68909 1.24763 0 5.47333 0 16.2564 0 0 20.414 0.219012 0 0 0
plagioclase1 11.135355 -153589.104787 27.126494 4.190597 13.706626 K0.00Na0.29Ca0.71Al1.71Si2.29O8 50.3987 0 31.7933 0 0 0 0 0 0 0 14.4699 3.32596 0.0121163 0 0
index 63 Pressure 1000.00 Temperature 1171.20 SiO2 TiO2 Al2O3 Fe2O3 Cr2O3 FeO MnO MgO NiO CoO CaO Na2O K2O P2O5 H2O
liquid1 77.835719 -940799.776295 209.813744 29.288044 113.256246 2.461 50.3933 1.66021 15.158 1.10943 0 9.84134 0 6.64241 0 0 10.2827 4.25672 0.11074 0.140922 0.404238
olivine1 1.031311 -12397.453806 2.468190 0.311684 1.267768 (Ca0.01Mg0.81Fe''0.19Mn0.00Co0.00Ni0.00)2SiO4 39.2452 0 0 0 0 18.1413 0 42.1184 0 0 0.495112 0 0 0 0
clinopyroxene1 9.948448 -127941.891458 23.197711 3.081887 11.831369     Na0.02Ca0.80Fe''0.17Mg0.89Fe'''0.03Ti0.02Al0.20Si1.87O6 51.0223 0.677283 4.68952 1.24776 0 5.4774 0 16.254 0 0 20.4125 0.219146 0 0 0
plagioclase1 11.184522 -154268.090948 27.245754 4.209158 13.767062 K0.00Na0.29Ca0.71Al1.71Si2.29O8 50.4041 0 31.7896 0 0 0 0 0 0 0 14.4657 3.32845 0.0121365 0 0
index 64 Pressure 1000.00 Temperature 1171.10 SiO2 TiO2 Al2O3 Fe2O3 Cr2O3 FeO MnO MgO NiO CoO CaO Na2O K2O P2O5 H2O
liquid1 77.735935 -939534.445733 209.541874 29.250610 113.104638 2.462 50.394 1.66183 15.1554 1.11019 0 9.84798 0 6.63731 0 0 10.277 4.25959 0.110871 0.141102 0.404757
olivine1 1.041793 -12521.878476 2.493129 0.314831 1.280566 (Ca0.01Mg0.81Fe''0.19Mn0.00Co0.00Ni0.00)2SiO4 39.2425 0 0 0 0 18.1559 0 42.1067 0 0 0.494988 0 0 0 0
clinopyroxene1 9.988672 -128455.576931 23.290609 3.094273 11.878920     Na0.02Ca0.80Fe''0.17Mg0.89Fe'''0.03Ti0.02Al0.20Si1.87O6 51.0202 0.678499 4.68996 1.24789 0 5.48145 0 16.2516 0 0 20.4111 0.21928 0 0 0
plagioclase1 11.233600 -154945.856479 27.364791 4.227686 13.827388 K0.00Na0.29Ca0.71Al1.71Si2.29O8 50.4095 0 31.786 0 0 0 0 0 0 0 14.4614 3.33094 0.0121568 0 0
index 65 Pressure 1000.00 Temperature 1171.00 SiO2 TiO2 Al2O3 Fe2O3 Cr2O3 FeO MnO MgO NiO CoO CaO Na2O K2O P2O5 H2O
liquid1 77.636346 -938271.658531 209.270535 29.213249 112.953337 2.462 50.3947 1.66345 15.1528 1.11095 0 9.85461 0 6.63222 0 0 10.2712 4.26246 0.111003 0.141283 0.405276
olivine1 1.052256 -12646.058158 2.518023 0.317973 1.293340 (Ca0.01Mg0.81Fe''0.19Mn0.00Co0.00Ni0.00)2SiO4 39.2397 0 0 0 0 18.1705 0 42.0949 0 0 0.494865 0 0 0 0
clinopyroxene1 10.028808 -128968.102052 23.383294 3.106631 11.926364     Na0.02Ca0.80Fe''0.17Mg0.89Fe'''0.03Ti0.02Al0.20Si1.87O6 51.0181 0.679716 4.69039 1.24803 0 5.48551 0 16.2492 0 0 20.4097 0.219415 0 0 0
plagioclase1 11.282590 -155622.405103 27.483608 4.246182 13.887604 K0.00Na0.29Ca0.71Al1.71Si2.29O8 50.4149 0 31.7823 0 0 0 0 0 0 0 14.4571 3.33343 0.0121771 0 0
index 66 Pressure 1000.00 Temperature 1170.90 SiO2 TiO2 Al2O3 Fe2O3 Cr2O3 FeO MnO MgO NiO CoO CaO Na2O K2O P2O5 H2O
liquid1 77.536951 -937011.406228 208.999725 29.175960 112.802340 2.462 50.3954 1.66508 15.1503 1.11171 0 9.86123 0 6.62713 0 0 10.2655 4.26533 0.111134 0.141465 0.405796
olivine1 1.062703 -12769.993896 2.542871 0.321108 1.306090 (Ca0.01Mg0.81Fe''0.19Mn0.00Co0.00Ni0.00)2SiO4 39.237 0 0 0 0 18.1851 0 42.0831 0 0 0.494741 0 0 0 0
clinopyroxene1 10.068856 -129479.470801 23.475766 3.118961 11.973701     Na0.02Ca0.80Fe''0.17Mg0.89Fe'''0.03Ti0.02Al0.20Si1.87O6 51.0159 0.680935 4.69083 1.24816 0 5.48957 0 16.2468 0 0 20.4082 0.219549 0 0 0
plagioclase1 11.331490 -156297.740528 27.602204 4.264644 13.947711 K0.00Na0.29Ca0.70Al1.70Si2.30O8 50.4203 0 31.7787 0 0 0 0 0 0 0 14.4529 3.33591 0.0121974 0 0
index 67 Pressure 1000.00 Temperature 1170.80 SiO2 TiO2 Al2O3 Fe2O3 Cr2O3 FeO MnO MgO NiO CoO CaO Na2O K2O P2O5 H2O
liquid1 77.437749 -935753.680399 208.729444 29.138744 112.651647 2.463 50.3961 1.6667 15.1477 1.11247 0 9.86785 0 6.62205 0 0 10.2597 4.26819 0.111266 0.141646 0.406316
olivine1 1.073131 -12893.686728 2.567675 0.324238 1.318818 (Ca0.01Mg0.81Fe''0.19Mn0.00Co0.00Ni0.00)2SiO4 39.2343 0 0 0 0 18.1998 0 42.0713 0 0 0.494618 0 0 0 0
clinopyroxene1 10.108817 -129989.687143 23.568028 3.131263 12.020932     Na0.02Ca0.80Fe''0.17Mg0.89Fe'''0.03Ti0.02Al0.20Si1.87O6 51.0138 0.682156 4.69127 1.24829 0 5.49362 0 16.2444 0 0 20.4068 0.219683 0 0 0
plagioclase1 11.380303 -156971.866448 27.720581 4.283074 14.007707 K0.00Na0.29Ca0.70Al1.70Si2.30O8 50.4257 0 31.7751 0 0 0 0 0 0 0 14.4486 3.3384 0.0122177 0 0
index 68 Pressure 1000.00 Temperature 1170.70 SiO2 TiO2 Al2O3 Fe2O3 Cr2O3 FeO MnO MgO NiO CoO CaO Na2O K2O P2O5 H2O
liquid1 77.338740 -934498.472663 208.459688 29.101600 112.501257 2.463 50.3968 1.66832 15.1451 1.11324 0 9.87447 0 6.61697 0 0 10.254 4.27106 0.111398 0.141827 0.406836
olivine1 1.083542 -13017.137690 2.592433 0.327363 1.331522 (Ca0.01Mg0.81Fe''0.19Mn0.00Co0.00Ni0.00)2SiO4 39.2316 0 0 0 0 18.2144 0 42.0596 0 0 0.494495 0 0 0 0
clinopyroxene1 10.148691 -130498.755020 23.660079 3.143538 12.068056     Na0.02Ca0.80Fe''0.17Mg0.89Fe'''0.03Ti0.02Al0.20Si1.87O6 51.0117 0.683378 4.69172 1.24843 0 5.49767 0 16.242 0 0 20.4054 0.219818 0 0 0
plagioclase1 11.429027 -157644.786534 27.838738 4.301471 14.067595 K0.00Na0.29Ca0.70Al1.70Si2.30O8 50.4311 0 31.7714 0 0 0 0 0 0 0 14.4443 3.34088 0.0122381 0 0
index 69 Pressure 1000.00 Temperature 1170.60 SiO2 TiO2 Al2O3 Fe2O3 Cr2O3 FeO MnO MgO NiO CoO CaO Na2O K2O P2O5 H2O
liquid1 77.239922 -933245.774671 208.190457 29.064528 112.351169 2.464 50.3974 1.66994 15.1426 1.114 0 9.88108 0 6.6119 0 0 10.2483 4.27392 0.11153 0.142009 0.407356
olivine1 1.093936 -13140.347813 2.617147 0.330481 1.344203 (Ca0.01Mg0.81Fe''0.19Mn0.00Co0.00Ni0.00)2SiO4 39.2288 0 0 0 0 18.229 0 42.0478 0 0 0.494372 0 0 0 0
clinopyroxene1 10.188478 -131006.678359 23.751920 3.155785 12.115075     Na0.02Ca0.80Fe''0.17Mg0.89Fe'''0.03Ti0.02Al0.20Si1.87O6 51.0095 0.684603 4.69216 1.24857 0 5.50172 0 16.2395 0 0 20.404 0.219952 0 0 0
plagioclase1 11.477664 -158316.504443 27.956677 4.319836 14.127375 K0.00Na0.30Ca0.70Al1.70Si2.30O8 50.4365 0 31.7678 0 0 0 0 0 0 0 14.4401 3.34336 0.0122585 0 0
index 70 Pressure 1000.00 Temperature 1170.50 SiO2 TiO2 Al2O3 Fe2O3 Cr2O3 FeO MnO MgO NiO CoO CaO Na2O K2O P2O5 H2O
liquid1 77.141296 -931995.578116 207.921749 29.027528 112.201382 2.464 50.3981 1.67156 15.14 1.11476 0 9.88768 0 6.60683 0 0 10.2425 4.27678 0.111662 0.14219 0.407877
olivine1 1.104312 -13263.318120 2.641817 0.333594 1.356861 (Ca0.01Mg0.81Fe''0.19Mn0.00Co0.00Ni0.00)2SiO4 39.2261 0 0 0 0 18.2436 0 42.036 0 0 0.494249 0 0 0 0
clinopyroxene1 10.228178 -131513.461070 23.843552 3.168005 12.161989     Na0.02Ca0.80Fe''0.17Mg0.89Fe'''0.03Ti0.02Al0.20Si1.87O6 51.0074 0.685828 4.69261 1.2487 0 5.50577 0 16.2371 0 0 20.4025 0.220087 0 0 0
plagioclase1 11.526214 -158987.023816 28.074398 4.338168 14.187045 K0.00Na0.30Ca0.70Al1.70Si2.30O8 50.4419 0 31.7642 0 0 0 0 0 0 0 14.4358 3.34584 0.0122789 0 0
index 71 Pressure 1000.00 Temperature 1170.40 SiO2 TiO2 Al2O3 Fe2O3 Cr2O3 FeO MnO MgO NiO CoO CaO Na2O K2O P2O5 H2O
liquid1 77.042861 -930747.874722 207.653562 28.990599 112.051894 2.465 50.3988 1.67318 15.1375 1.11553 0 9.89428 0 6.60176 0 0 10.2368 4.27963 0.111793 0.142372 0.408398
olivine1 1.114671 -13386.049635 2.666442 0.336702 1.369495 (Ca0.01Mg0.81Fe''0.19Mn0.00Co0.00Ni0.00)2SiO4 39.2234 0 0 0 0 18.2583 0 42.0242 0 0 0.494126 0 0 0 0
clinopyroxene1 10.267793 -132019.107043 23.934976 3.180197 12.208798     Na0.02Ca0.80Fe''0.17Mg0.89Fe'''0.03Ti0.02Al0.20Si1.87O6 51.0052 0.687056 4.69306 1.24884 0 5.50981 0 16.2347 0 0 20.4011 0.220221 0 0 0
plagioclase1 11.574676 -159656.348276 28.191902 4.356468 14.246608 K0.00Na0.30Ca0.70Al1.70Si2.30O8 50.4473 0 31.7605 0 0 0 0 0 0 0 14.4316 3.34832 0.0122993 0 0
index 72 Pressure 1000.00 Temperature 1170.30 SiO2 TiO2 Al2O3 Fe2O3 Cr2O3 FeO MnO MgO NiO CoO CaO Na2O K2O P2O5 H2O
liquid1 76.944615 -929502.656260 207.385893 28.953741 111.902705 2.465 50.3995 1.6748 15.1349 1.11629 0 9.90087 0 6.5967 0 0 10.2311 4.28249 0.111925 0.142554 0.40892
olivine1 1.125013 -13508.543374 2.691023 0.339803 1.382107 (Ca0.01Mg0.81Fe''0.19Mn0.00Co0.00Ni0.00)2SiO4 39.2206 0 0 0 0 18.2729 0 42.0125 0 0 0.494003 0 0 0 0
clinopyroxene1 10.307321 -132523.620153 24.026192 3.192362 12.255502     Na0.02Ca0.80Fe''0.17Mg0.89Fe'''0.03Ti0.02Al0.20Si1.87O6 51.003 0.688285 4.69352 1.24898 0 5.51385 0 16.2322 0 0 20.3997 0.220356 0 0 0
plagioclase1 11.623051 -160324.481429 28.309190 4.374735 14.306063 K0.00Na0.30Ca0.70Al1.70Si2.30O8 50.4527 0 31.7569 0 0 0 0 0 0 0 14.4273 3.3508 0.0123197 0 0
index 73 Pressure 1000.00 Temperature 1170.20 SiO2 TiO2 Al2O3 Fe2O3 Cr2O3 FeO MnO MgO NiO CoO CaO Na2O K2O P2O5 H2O
liquid1 76.846559 -928259.914528 207.118743 28.916955 111.753814 2.466 50.4002 1.67642 15.1323 1.11706 0 9.90746 0 6.59164 0 0 10.2254 4.28534 0.112057 0.142735 0.409441
olivine1 1.135338 -13630.800352 2.715560 0.342899 1.394697 (Ca0.01Mg0.81Fe''0.19Mn0.00Co0.00Ni0.00)2SiO4 39.2179 0 0 0 0 18.2875 0 42.0007 0 0 0.493881 0 0 0 0
clinopyroxene1 10.346764 -133027.004257 24.117200 3.204500 12.302101     Na0.02Ca0.80Fe''0.17Mg0.89Fe'''0.03Ti0.02Al0.20Si1.87O6 51.0009 0.689515 4.69397 1.24912 0 5.51789 0 16.2298 0 0 20.3983 0.22049 0 0 0
plagioclase1 11.671340 -160991.426865 28.426261 4.392971 14.365411 K0.00Na0.30Ca0.70Al1.70Si2.30O8 50.458 0 31.7533 0 0 0 0 0 0 0 14.4231 3.35328 0.0123402 0 0
index 74 Pressure 1000.00 Temperature 1170.10 SiO2 TiO2 Al2O3 Fe2O3 Cr2O3 FeO MnO MgO NiO CoO CaO Na2O K2O P2O5 H2O
liquid1 76.748691 -927019.641367 206.852108 28.880239 111.605219 2.466 50.4008 1.67804 15.1298 1.11782 0 9.91404 0 6.58659 0 0 10.2197 4.28819 0.112189 0.142918 0.409963
olivine1 1.145645 -13752.821576 2.740054 0.345990 1.407263 (Ca0.01Mg0.80Fe''0.20Mn0.00Co0.00Ni0.00)2SiO4 39.2152 0 0 0 0 18.3022 0 41.9889 0 0 0.493758 0 0 0 0
clinopyroxene1 10.386121 -133529.263194 24.208003 3.216611 12.348597     Na0.02Ca0.80Fe''0.17Mg0.89Fe'''0.03Ti0.02Al0.20Si1.87O6 50.9987 0.690748 4.69443 1.24926 0 5.52193 0 16.2274 0 0 20.3969 0.220625 0 0 0
plagioclase1 11.719542 -161657.188160 28.543117 4.411174 14.424651 K0.00Na0.30Ca0.70Al1.70Si2.30O8 50.4634 0 31.7496 0 0 0 0 0 0 0 14.4188 3.35576 0.0123606 0 0
